timeStamp,elapsed
1.62861E+12,1429
1.62861E+12,948
1.62861E+12,403
1.62861E+12,1523
1.62861E+12,645
1.62861E+12,246
1.62861E+12,1127
1.62861E+12,226
1.62861E+12,279
1.62861E+12,137
1.62861E+12,113
1.62861E+12,104
1.62861E+12,143
1.62861E+12,73
1.62861E+12,1174
1.62861E+12,1834
1.62861E+12,796
1.62861E+12,1999
1.62861E+12,1119
1.62861E+12,2414
1.62861E+12,1552
1.62861E+12,677
1.62861E+12,715
1.62861E+12,738
1.62861E+12,450
1.62861E+12,733
1.62861E+12,416
1.62861E+12,218
1.62861E+12,201
1.62861E+12,180
1.62861E+12,250
1.62861E+12,291
1.62861E+12,272
1.62861E+12,227
1.62861E+12,287
1.62861E+12,294
1.62861E+12,336
1.62861E+12,411
1.62861E+12,388
1.62861E+12,375
1.62861E+12,469
1.62861E+12,346
1.62861E+12,1322
1.62861E+12,1396
1.62861E+12,376
1.62861E+12,766
1.62861E+12,2123
1.62861E+12,989
1.62861E+12,2055
1.62861E+12,451
1.62861E+12,3020
1.62861E+12,2942
1.62861E+12,954
1.62861E+12,651
1.62861E+12,433
1.62861E+12,2658
1.62861E+12,1701
1.62861E+12,625
1.62861E+12,702
1.62861E+12,381
1.62861E+12,826
1.62861E+12,1228
1.62861E+12,405
1.62861E+12,836
1.62861E+12,461
1.62861E+12,421
1.62861E+12,2525
1.62861E+12,1482
1.62861E+12,520
1.62861E+12,422
1.62861E+12,843
1.62861E+12,1411
1.62861E+12,736
1.62861E+12,391
1.62861E+12,460
1.62861E+12,629
1.62861E+12,446
1.62861E+12,307
1.62861E+12,311
1.62861E+12,460
1.62861E+12,378
1.62861E+12,383
1.62861E+12,375
1.62861E+12,373
1.62861E+12,408
1.62861E+12,414
1.62861E+12,424
1.62861E+12,441
1.62861E+12,463
1.62861E+12,457
1.62861E+12,427
1.62861E+12,531
1.62861E+12,364
1.62861E+12,363
1.62861E+12,468
1.62861E+12,457
1.62861E+12,471
1.62861E+12,526
1.62861E+12,431
1.62861E+12,492
1.62861E+12,452
1.62861E+12,474
1.62861E+12,459
1.62861E+12,450
1.62861E+12,498
1.62861E+12,506
1.62861E+12,498
1.62861E+12,507
1.62861E+12,529
1.62861E+12,538
1.62861E+12,523
1.62861E+12,548
1.62861E+12,551
1.62861E+12,563
1.62861E+12,556
1.62861E+12,638
1.62861E+12,617
1.62861E+12,576
1.62861E+12,557
1.62861E+12,759
1.62861E+12,658
1.62861E+12,684
1.62861E+12,559
1.62861E+12,679
1.62861E+12,600
1.62861E+12,711
1.62861E+12,720
1.62861E+12,700
1.62861E+12,634
1.62861E+12,700
1.62861E+12,731
1.62861E+12,644
1.62861E+12,705
1.62861E+12,682
1.62861E+12,677
1.62861E+12,784
1.62861E+12,722
1.62861E+12,841
1.62861E+12,749
1.62861E+12,763
1.62861E+12,715
1.62861E+12,717
1.62861E+12,765
1.62861E+12,772
1.62861E+12,729
1.62861E+12,746
1.62861E+12,666
1.62861E+12,813
1.62861E+12,779
1.62861E+12,728
1.62861E+12,651
1.62861E+12,715
1.62861E+12,748
1.62861E+12,690
1.62861E+12,779
1.62861E+12,682
1.62861E+12,728
1.62861E+12,725
1.62861E+12,779
1.62861E+12,778
1.62861E+12,837
1.62861E+12,655
1.62861E+12,576
1.62861E+12,700
1.62861E+12,779
1.62861E+12,653
1.62861E+12,685
1.62861E+12,581
1.62861E+12,785
1.62861E+12,552
1.62861E+12,813
1.62861E+12,496
1.62861E+12,497
1.62861E+12,644
1.62861E+12,738
1.62861E+12,532
1.62861E+12,674
1.62861E+12,529
1.62861E+12,532
1.62861E+12,516
1.62861E+12,669
1.62861E+12,644
1.62861E+12,607
1.62861E+12,604
1.62861E+12,619
1.62861E+12,552
1.62861E+12,756
1.62861E+12,572
1.62861E+12,777
1.62861E+12,572
1.62861E+12,669
1.62861E+12,550
1.62861E+12,738
1.62861E+12,660
1.62861E+12,660
1.62861E+12,661
1.62861E+12,752
1.62861E+12,517
1.62861E+12,691
1.62861E+12,651
1.62861E+12,585
1.62861E+12,828
1.62861E+12,847
1.62861E+12,702
1.62861E+12,629
1.62861E+12,595
1.62861E+12,778
1.62861E+12,809
1.62861E+12,600
1.62861E+12,734
1.62861E+12,656
1.62861E+12,783
1.62861E+12,676
1.62861E+12,666
1.62861E+12,698
1.62861E+12,678
1.62861E+12,693
1.62861E+12,735
1.62861E+12,844
1.62861E+12,700
1.62861E+12,704
1.62861E+12,716
1.62861E+12,726
1.62861E+12,733
1.62861E+12,705
1.62861E+12,706
1.62861E+12,603
1.62861E+12,618
1.62861E+12,655
1.62861E+12,613
1.62861E+12,828
1.62861E+12,808
1.62861E+12,690
1.62861E+12,917
1.62861E+12,917
1.62861E+12,562
1.62861E+12,658
1.62861E+12,698
1.62861E+12,610
1.62861E+12,732
1.62861E+12,759
1.62861E+12,683
1.62861E+12,737
1.62861E+12,877
1.62861E+12,749
1.62861E+12,671
1.62861E+12,592
1.62861E+12,544
1.62861E+12,699
1.62861E+12,643
1.62861E+12,711
1.62861E+12,730
1.62861E+12,716
1.62861E+12,711
1.62861E+12,820
1.62861E+12,729
1.62861E+12,689
1.62861E+12,749
1.62861E+12,694
1.62861E+12,697
1.62861E+12,716
1.62861E+12,677
1.62861E+12,734
1.62861E+12,639
1.62861E+12,674
1.62861E+12,725
1.62861E+12,661
1.62861E+12,859
1.62861E+12,849
1.62861E+12,866
1.62861E+12,723
1.62861E+12,730
1.62861E+12,887
1.62861E+12,736
1.62861E+12,596
1.62861E+12,905
1.62861E+12,845
1.62861E+12,615
1.62861E+12,610
1.62861E+12,666
1.62861E+12,605
1.62861E+12,676
1.62861E+12,726
1.62861E+12,592
1.62861E+12,596
1.62861E+12,666
1.62861E+12,573
1.62861E+12,562
1.62861E+12,665
1.62861E+12,626
1.62861E+12,656
1.62861E+12,692
1.62861E+12,699
1.62861E+12,665
1.62861E+12,599
1.62861E+12,756
1.62861E+12,765
1.62861E+12,769
1.62861E+12,689
1.62861E+12,764
1.62861E+12,770
1.62861E+12,738
1.62861E+12,650
1.62861E+12,629
1.62861E+12,676
1.62861E+12,699
1.62861E+12,607
1.62861E+12,619
1.62861E+12,700
1.62861E+12,755
1.62861E+12,684
1.62861E+12,701
1.62861E+12,638
1.62861E+12,720
1.62861E+12,663
1.62861E+12,674
1.62861E+12,716
1.62861E+12,725
1.62861E+12,694
1.62861E+12,727
1.62861E+12,728
1.62861E+12,802
1.62861E+12,679
1.62861E+12,735
1.62861E+12,743
1.62861E+12,662
1.62861E+12,692
1.62861E+12,695
1.62861E+12,679
1.62861E+12,769
1.62861E+12,790
1.62861E+12,748
1.62861E+12,641
1.62861E+12,777
1.62861E+12,797
1.62861E+12,754
1.62861E+12,762
1.62861E+12,771
1.62861E+12,775
1.62861E+12,651
1.62861E+12,645
1.62861E+12,739
1.62861E+12,634
1.62861E+12,649
1.62861E+12,989
1.62861E+12,685
1.62861E+12,685
1.62861E+12,711
1.62861E+12,733
1.62861E+12,725
1.62861E+12,736
1.62861E+12,686
1.62861E+12,739
1.62861E+12,742
1.62861E+12,732
1.62861E+12,726
1.62861E+12,813
1.62861E+12,697
1.62861E+12,850
1.62861E+12,587
1.62861E+12,630
1.62861E+12,806
1.62861E+12,658
1.62861E+12,846
1.62861E+12,569
1.62861E+12,793
1.62861E+12,582
1.62861E+12,591
1.62861E+12,605
1.62861E+12,601
1.62861E+12,755
1.62861E+12,725
1.62861E+12,716
1.62861E+12,729
1.62861E+12,608
1.62861E+12,758
1.62861E+12,740
1.62861E+12,741
1.62861E+12,542
1.62861E+12,717
1.62861E+12,612
1.62861E+12,647
1.62861E+12,806
1.62861E+12,639
1.62861E+12,490
1.62861E+12,700
1.62861E+12,606
1.62861E+12,611
1.62861E+12,712
1.62861E+12,732
1.62861E+12,761
1.62861E+12,654
1.62861E+12,622
1.62861E+12,728
1.62861E+12,557
1.62861E+12,755
1.62861E+12,623
1.62861E+12,584
1.62861E+12,670
1.62861E+12,512
1.62861E+12,638
1.62861E+12,611
1.62861E+12,513
1.62861E+12,548
1.62861E+12,555
1.62861E+12,555
1.62861E+12,568
1.62861E+12,532
1.62861E+12,579
1.62861E+12,597
1.62861E+12,613
1.62861E+12,682
1.62861E+12,679
1.62861E+12,713
1.62861E+12,664
1.62861E+12,690
1.62861E+12,683
1.62861E+12,553
1.62861E+12,709
1.62861E+12,680
1.62861E+12,717
1.62861E+12,651
1.62861E+12,626
1.62861E+12,654
1.62861E+12,643
1.62861E+12,702
1.62861E+12,691
1.62861E+12,743
1.62861E+12,673
1.62861E+12,639
1.62861E+12,746
1.62861E+12,624
1.62861E+12,716
1.62861E+12,758
1.62861E+12,747
1.62861E+12,666
1.62861E+12,663
1.62861E+12,685
1.62861E+12,694
1.62861E+12,796
1.62861E+12,646
1.62861E+12,714
1.62861E+12,714
1.62861E+12,623
1.62861E+12,654
1.62861E+12,686
1.62861E+12,770
1.62861E+12,724
1.62861E+12,711
1.62861E+12,780
1.62861E+12,856
1.62861E+12,819
1.62861E+12,740
1.62861E+12,805
1.62861E+12,761
1.62861E+12,575
1.62861E+12,814
1.62861E+12,635
1.62861E+12,782
1.62861E+12,819
1.62861E+12,885
1.62861E+12,689
1.62861E+12,797
1.62861E+12,662
1.62861E+12,860
1.62861E+12,951
1.62861E+12,765
1.62861E+12,811
1.62861E+12,770
1.62861E+12,875
1.62861E+12,782
1.62861E+12,643
1.62861E+12,823
1.62861E+12,700
1.62861E+12,847
1.62861E+12,668
1.62861E+12,642
1.62861E+12,731
1.62861E+12,532
1.62861E+12,644
1.62861E+12,738
1.62861E+12,713
1.62861E+12,603
1.62861E+12,603
1.62861E+12,672
1.62861E+12,610
1.62861E+12,602
1.62861E+12,577
1.62861E+12,577
1.62861E+12,727
1.62861E+12,529
1.62861E+12,454
1.62861E+12,717
1.62861E+12,599
1.62861E+12,714
1.62861E+12,637
1.62861E+12,565
1.62861E+12,538
1.62861E+12,689
1.62861E+12,772
1.62861E+12,495
1.62861E+12,516
1.62861E+12,498
1.62861E+12,530
1.62861E+12,534
1.62861E+12,559
1.62861E+12,619
1.62861E+12,571
1.62861E+12,680
1.62861E+12,659
1.62861E+12,746
1.62861E+12,578
1.62861E+12,767
1.62861E+12,773
1.62861E+12,738
1.62861E+12,748
1.62861E+12,777
1.62861E+12,720
1.62861E+12,696
1.62861E+12,638
1.62861E+12,813
1.62861E+12,531
1.62861E+12,664
1.62861E+12,745
1.62861E+12,738
1.62861E+12,713
1.62861E+12,767
1.62861E+12,740
1.62861E+12,602
1.62861E+12,830
1.62861E+12,717
1.62861E+12,686
1.62861E+12,687
1.62861E+12,635
1.62861E+12,812
1.62861E+12,642
1.62861E+12,864
1.62861E+12,776
1.62861E+12,835
1.62861E+12,834
1.62861E+12,911
1.62861E+12,323
1.62861E+12,901
1.62861E+12,710
1.62861E+12,695
1.62861E+12,685
1.62861E+12,853
1.62861E+12,304
1.62861E+12,799
1.62861E+12,748
1.62861E+12,841
1.62861E+12,922
1.62861E+12,837
1.62861E+12,475
1.62861E+12,821
1.62861E+12,884
1.62861E+12,791
1.62861E+12,757
1.62861E+12,886
1.62861E+12,478
1.62861E+12,450
1.62861E+12,459
1.62861E+12,389
1.62861E+12,387
1.62861E+12,389
1.62861E+12,374
1.62861E+12,769
1.62861E+12,777
1.62861E+12,364
1.62861E+12,494
1.62861E+12,450
1.62861E+12,533
1.62861E+12,508
1.62861E+12,454
1.62861E+12,433
1.62861E+12,429
1.62861E+12,469
1.62861E+12,486
1.62861E+12,671
1.62861E+12,595
1.62861E+12,667
1.62861E+12,746
1.62861E+12,660
1.62861E+12,657
1.62861E+12,588
1.62861E+12,767
1.62861E+12,618
1.62861E+12,624
1.62861E+12,626
1.62861E+12,646
1.62861E+12,650
1.62861E+12,742
1.62861E+12,669
1.62861E+12,697
1.62861E+12,672
1.62861E+12,694
1.62861E+12,725
1.62861E+12,626
1.62861E+12,661
1.62861E+12,689
1.62861E+12,713
1.62861E+12,827
1.62861E+12,903
1.62861E+12,890
1.62861E+12,888
1.62861E+12,822
1.62861E+12,913
1.62861E+12,738
1.62861E+12,757
1.62861E+12,980
1.62861E+12,979
1.62861E+12,753
1.62861E+12,996
1.62861E+12,860
1.62861E+12,782
1.62861E+12,943
1.62861E+12,867
1.62861E+12,857
1.62861E+12,974
1.62861E+12,714
1.62861E+12,727
1.62861E+12,842
1.62861E+12,1037
1.62861E+12,690
1.62861E+12,642
1.62861E+12,1083
1.62861E+12,735
1.62861E+12,895
1.62861E+12,978
1.62861E+12,980
1.62861E+12,1098
1.62861E+12,680
1.62861E+12,668
1.62861E+12,757
1.62861E+12,716
1.62861E+12,628
1.62861E+12,579
1.62861E+12,674
1.62861E+12,707
1.62861E+12,804
1.62861E+12,845
1.62861E+12,776
1.62861E+12,742
1.62861E+12,858
1.62861E+12,853
1.62861E+12,825
1.62861E+12,693
1.62861E+12,779
1.62861E+12,697
1.62861E+12,889
1.62861E+12,799
1.62861E+12,745
1.62861E+12,630
1.62861E+12,671
1.62861E+12,644
1.62861E+12,714
1.62861E+12,612
1.62861E+12,760
1.62861E+12,678
1.62861E+12,719
1.62861E+12,648
1.62861E+12,717
1.62861E+12,664
1.62861E+12,765
1.62861E+12,652
1.62861E+12,818
1.62861E+12,774
1.62861E+12,820
1.62861E+12,859
1.62861E+12,665
1.62861E+12,882
1.62861E+12,884
1.62861E+12,714
1.62861E+12,725
1.62861E+12,733
1.62861E+12,759
1.62861E+12,971
1.62861E+12,794
1.62861E+12,780
1.62861E+12,847
1.62861E+12,751
1.62861E+12,767
1.62861E+12,591
1.62861E+12,801
1.62861E+12,854
1.62861E+12,662
1.62861E+12,627
1.62861E+12,851
1.62861E+12,626
1.62861E+12,682
1.62861E+12,1061
1.62861E+12,766
1.62861E+12,618
1.62861E+12,1108
1.62861E+12,867
1.62861E+12,972
1.62861E+12,676
1.62861E+12,594
1.62861E+12,769
1.62861E+12,1103
1.62861E+12,871
1.62861E+12,823
1.62861E+12,804
1.62861E+12,897
1.62861E+12,579
1.62861E+12,626
1.62861E+12,1083
1.62861E+12,735
1.62861E+12,747
1.62861E+12,824
1.62861E+12,1082
1.62861E+12,717
1.62861E+12,1056
1.62861E+12,920
1.62861E+12,1010
1.62861E+12,717
1.62861E+12,1071
1.62861E+12,692
1.62861E+12,808
1.62861E+12,728
1.62861E+12,779
1.62861E+12,686
1.62861E+12,789
1.62861E+12,756
1.62861E+12,805
1.62861E+12,702
1.62861E+12,804
1.62861E+12,730
1.62861E+12,753
1.62861E+12,781
1.62861E+12,736
1.62861E+12,812
1.62861E+12,812
1.62861E+12,844
1.62861E+12,760
1.62861E+12,532
1.62861E+12,699
1.62861E+12,633
1.62861E+12,760
1.62861E+12,767
1.62861E+12,597
1.62861E+12,918
1.62861E+12,606
1.62861E+12,630
1.62861E+12,672
1.62861E+12,670
1.62861E+12,679
1.62861E+12,676
1.62861E+12,693
1.62861E+12,731
1.62861E+12,745
1.62861E+12,734
1.62861E+12,719
1.62861E+12,896
1.62861E+12,864
1.62861E+12,882
1.62861E+12,887
1.62861E+12,734
1.62861E+12,881
1.62861E+12,746
1.62861E+12,908
1.62861E+12,763
1.62861E+12,736
1.62861E+12,774
1.62861E+12,849
1.62861E+12,848
1.62861E+12,824
1.62861E+12,710
1.62861E+12,777
1.62861E+12,811
1.62861E+12,724
1.62861E+12,776
1.62861E+12,884
1.62861E+12,791
1.62861E+12,821
1.62861E+12,863
1.62861E+12,836
1.62861E+12,849
1.62861E+12,891
1.62861E+12,836
1.62861E+12,876
1.62861E+12,935
1.62861E+12,914
1.62861E+12,998
1.62861E+12,1021
1.62861E+12,1002
1.62861E+12,1029
1.62861E+12,1113
1.62861E+12,670
1.62861E+12,962
1.62861E+12,835
1.62861E+12,988
1.62861E+12,943
1.62861E+12,695
1.62861E+12,1070
1.62861E+12,720
1.62861E+12,962
1.62861E+12,550
1.62861E+12,1118
1.62861E+12,771
1.62861E+12,1017
1.62861E+12,779
1.62861E+12,691
1.62861E+12,1017
1.62861E+12,711
1.62861E+12,720
1.62861E+12,1126
1.62861E+12,1094
1.62861E+12,812
1.62861E+12,835
1.62861E+12,772
1.62861E+12,1035
1.62861E+12,844
1.62861E+12,760
1.62861E+12,1090
1.62861E+12,665
1.62861E+12,699
1.62861E+12,571
1.62861E+12,864
1.62861E+12,848
1.62861E+12,702
1.62861E+12,833
1.62861E+12,289
1.62861E+12,980
1.62861E+12,899
1.62861E+12,497
1.62861E+12,763
1.62861E+12,836
1.62861E+12,532
1.62861E+12,793
1.62861E+12,997
1.62861E+12,544
1.62861E+12,575
1.62861E+12,446
1.62861E+12,499
1.62861E+12,513
1.62861E+12,816
1.62861E+12,463
1.62861E+12,747
1.62861E+12,571
1.62861E+12,558
1.62861E+12,951
1.62861E+12,588
1.62861E+12,568
1.62861E+12,528
1.62861E+12,794
1.62861E+12,529
1.62861E+12,730
1.62861E+12,751
1.62861E+12,444
1.62861E+12,603
1.62861E+12,698
1.62861E+12,807
1.62861E+12,637
1.62861E+12,617
1.62861E+12,544
1.62861E+12,525
1.62861E+12,643
1.62861E+12,804
1.62861E+12,669
1.62861E+12,565
1.62861E+12,634
1.62861E+12,696
1.62861E+12,763
1.62861E+12,886
1.62861E+12,693
1.62861E+12,709
1.62861E+12,618
1.62861E+12,617
1.62861E+12,787
1.62861E+12,602
1.62861E+12,646
1.62861E+12,713
1.62861E+12,581
1.62861E+12,514
1.62861E+12,792
1.62861E+12,488
1.62861E+12,807
1.62861E+12,554
1.62861E+12,729
1.62861E+12,650
1.62861E+12,623
1.62861E+12,652
1.62861E+12,525
1.62861E+12,525
1.62861E+12,585
1.62861E+12,650
1.62861E+12,453
1.62861E+12,677
1.62861E+12,580
1.62861E+12,473
1.62861E+12,537
1.62861E+12,564
1.62861E+12,601
1.62861E+12,621
1.62861E+12,840
1.62861E+12,599
1.62861E+12,592
1.62861E+12,504
1.62861E+12,543
1.62861E+12,773
1.62861E+12,493
1.62861E+12,521
1.62861E+12,689
1.62861E+12,544
1.62861E+12,802
1.62861E+12,398
1.62861E+12,555
1.62861E+12,509
1.62861E+12,509
1.62861E+12,577
1.62861E+12,602
1.62861E+12,617
1.62861E+12,632
1.62861E+12,550
1.62861E+12,836
1.62861E+12,805
1.62861E+12,613
1.62861E+12,536
1.62861E+12,609
1.62861E+12,629
1.62861E+12,521
1.62861E+12,480
1.62861E+12,388
1.62861E+12,493
1.62861E+12,485
1.62861E+12,509
1.62861E+12,442
1.62861E+12,583
1.62861E+12,516
1.62861E+12,432
1.62861E+12,520
1.62861E+12,725
1.62861E+12,399
1.62861E+12,549
1.62861E+12,457
1.62861E+12,634
1.62861E+12,477
1.62861E+12,414
1.62861E+12,361
1.62861E+12,565
1.62861E+12,651
1.62861E+12,374
1.62861E+12,582
1.62861E+12,486
1.62861E+12,428
1.62861E+12,536
1.62861E+12,676
1.62861E+12,391
1.62861E+12,420
1.62861E+12,490
1.62861E+12,515
1.62861E+12,512
1.62861E+12,497
1.62861E+12,513
1.62861E+12,537
1.62861E+12,556
1.62861E+12,529
1.62861E+12,535
1.62861E+12,595
1.62861E+12,608
1.62861E+12,636
1.62861E+12,598
1.62861E+12,681
1.62861E+12,665
1.62861E+12,683
1.62861E+12,719
1.62861E+12,655
1.62861E+12,615
1.62861E+12,624
1.62861E+12,502
1.62861E+12,562
1.62861E+12,672
1.62861E+12,654
1.62861E+12,627
1.62861E+12,651
1.62861E+12,623
1.62861E+12,708
1.62861E+12,454
1.62861E+12,595
1.62861E+12,742
1.62861E+12,784
1.62861E+12,691
1.62861E+12,658
1.62861E+12,633
1.62861E+12,685
1.62861E+12,707
1.62861E+12,717
1.62861E+12,753
1.62861E+12,744
1.62861E+12,469
1.62861E+12,700
1.62861E+12,758
1.62861E+12,787
1.62861E+12,773
1.62861E+12,865
1.62861E+12,925
1.62861E+12,630
1.62861E+12,892
1.62861E+12,747
1.62861E+12,800
1.62861E+12,840
1.62861E+12,936
1.62861E+12,469
1.62861E+12,756
1.62861E+12,511
1.62861E+12,651
1.62861E+12,784
1.62861E+12,667
1.62861E+12,546
1.62861E+12,922
1.62861E+12,826
1.62861E+12,945
1.62861E+12,927
1.62861E+12,651
1.62861E+12,691
1.62861E+12,501
1.62861E+12,847
1.62861E+12,738
1.62861E+12,771
1.62861E+12,553
1.62861E+12,755
1.62861E+12,784
1.62861E+12,736
1.62861E+12,766
1.62861E+12,612
1.62861E+12,555
1.62861E+12,341
1.62861E+12,930
1.62861E+12,650
1.62861E+12,623
1.62861E+12,717
1.62861E+12,696
1.62861E+12,529
1.62861E+12,661
1.62861E+12,662
1.62861E+12,519
1.62861E+12,713
1.62861E+12,712
1.62861E+12,676
1.62861E+12,721
1.62861E+12,734
1.62861E+12,729
1.62861E+12,614
1.62861E+12,540
1.62861E+12,635
1.62861E+12,531
1.62861E+12,738
1.62861E+12,508
1.62861E+12,606
1.62861E+12,782
1.62861E+12,562
1.62861E+12,582
1.62861E+12,507
1.62861E+12,563
1.62861E+12,641
1.62861E+12,636
1.62861E+12,501
1.62861E+12,727
1.62861E+12,807
1.62861E+12,695
1.62861E+12,479
1.62861E+12,681
1.62861E+12,418
1.62861E+12,604
1.62861E+12,435
1.62861E+12,533
1.62861E+12,1091
1.62861E+12,497
1.62861E+12,517
1.62861E+12,573
1.62861E+12,508
1.62861E+12,439
1.62861E+12,782
1.62861E+12,638
1.62861E+12,820
1.62861E+12,498
1.62861E+12,452
1.62861E+12,764
1.62861E+12,559
1.62861E+12,623
1.62861E+12,656
1.62861E+12,609
1.62861E+12,393
1.62861E+12,582
1.62861E+12,394
1.62861E+12,467
1.62861E+12,566
1.62861E+12,518
1.62861E+12,459
1.62861E+12,508
1.62861E+12,705
1.62861E+12,722
1.62861E+12,533
1.62861E+12,380
1.62861E+12,658
1.62861E+12,313
1.62861E+12,533
1.62861E+12,427
1.62861E+12,461
1.62861E+12,548
1.62861E+12,555
1.62861E+12,644
1.62861E+12,393
1.62861E+12,401
1.62861E+12,497
1.62861E+12,583
1.62861E+12,333
1.62861E+12,537
1.62861E+12,579
1.62861E+12,253
1.62861E+12,321
1.62861E+12,421
1.62861E+12,277
1.62861E+12,444
1.62861E+12,375
1.62861E+12,443
1.62861E+12,344
1.62861E+12,462
1.62861E+12,321
1.62861E+12,308
1.62861E+12,407
1.62861E+12,322
1.62861E+12,327
1.62861E+12,312
1.62861E+12,359
1.62861E+12,392
1.62861E+12,425
1.62861E+12,397
1.62861E+12,443
1.62861E+12,419
1.62861E+12,434
1.62861E+12,435
1.62861E+12,470
1.62861E+12,483
1.62861E+12,519
1.62861E+12,498
1.62861E+12,529
1.62861E+12,562
1.62861E+12,531
1.62861E+12,560
1.62861E+12,553
1.62861E+12,547
1.62861E+12,575
1.62861E+12,574
1.62861E+12,583
1.62861E+12,664
1.62861E+12,632
1.62861E+12,627
1.62861E+12,653
1.62861E+12,675
1.62861E+12,630
1.62861E+12,652
1.62861E+12,699
1.62861E+12,728
1.62861E+12,742
1.62861E+12,655
1.62861E+12,642
1.62861E+12,760
1.62861E+12,746
1.62861E+12,737
1.62861E+12,756
1.62861E+12,768
1.62861E+12,729
1.62861E+12,772
1.62861E+12,778
1.62861E+12,836
1.62861E+12,787
1.62861E+12,781
1.62861E+12,857
1.62861E+12,854
1.62861E+12,820
1.62861E+12,879
1.62861E+12,828
1.62861E+12,900
1.62861E+12,772
1.62861E+12,652
1.62861E+12,832
1.62861E+12,485
1.62861E+12,772
1.62861E+12,955
1.62861E+12,631
1.62861E+12,943
1.62861E+12,904
1.62861E+12,757
1.62861E+12,730
1.62861E+12,854
1.62861E+12,1080
1.62861E+12,693
1.62861E+12,860
1.62861E+12,617
1.62861E+12,842
1.62861E+12,1050
1.62861E+12,602
1.62861E+12,974
1.62861E+12,575
1.62861E+12,877
1.62861E+12,859
1.62861E+12,606
1.62861E+12,854
1.62861E+12,692
1.62861E+12,837
1.62861E+12,1122
1.62861E+12,650
1.62861E+12,875
1.62861E+12,784
1.62861E+12,594
1.62861E+12,1015
1.62861E+12,907
1.62861E+12,904
1.62861E+12,1191
1.62861E+12,881
1.62861E+12,615
1.62861E+12,727
1.62861E+12,666
1.62861E+12,554
1.62861E+12,374
1.62861E+12,779
1.62861E+12,668
1.62861E+12,582
1.62861E+12,518
1.62861E+12,1251
1.62861E+12,626
1.62861E+12,813
1.62861E+12,586
1.62861E+12,842
1.62861E+12,874
1.62861E+12,601
1.62861E+12,753
1.62861E+12,678
1.62861E+12,648
1.62861E+12,1220
1.62861E+12,701
1.62861E+12,692
1.62861E+12,851
1.62861E+12,684
1.62861E+12,649
1.62861E+12,495
1.62861E+12,742
1.62861E+12,632
1.62861E+12,822
1.62861E+12,485
1.62861E+12,700
1.62861E+12,534
1.62861E+12,669
1.62861E+12,623
1.62861E+12,595
1.62861E+12,540
1.62861E+12,546
1.62861E+12,571
1.62861E+12,533
1.62861E+12,745
1.62861E+12,663
1.62861E+12,480
1.62861E+12,655
1.62861E+12,568
1.62861E+12,758
1.62861E+12,416
1.62861E+12,491
1.62861E+12,402
1.62861E+12,716
1.62861E+12,515
1.62861E+12,497
1.62861E+12,719
1.62861E+12,565
1.62861E+12,581
1.62861E+12,511
1.62861E+12,642
1.62861E+12,522
1.62861E+12,967
1.62861E+12,648
1.62861E+12,689
1.62861E+12,999
1.62861E+12,639
1.62861E+12,403
1.62861E+12,436
1.62861E+12,412
1.62861E+12,487
1.62861E+12,379
1.62861E+12,877
1.62861E+12,442
1.62861E+12,483
1.62861E+12,417
1.62861E+12,392
1.62861E+12,634
1.62861E+12,550
1.62861E+12,418
1.62861E+12,453
1.62861E+12,430
1.62861E+12,519
1.62861E+12,431
1.62861E+12,424
1.62861E+12,450
1.62861E+12,460
1.62861E+12,560
1.62861E+12,787
1.62861E+12,878
1.62861E+12,572
1.62861E+12,704
1.62861E+12,537
1.62861E+12,586
1.62861E+12,558
1.62861E+12,690
1.62861E+12,538
1.62861E+12,649
1.62861E+12,656
1.62861E+12,565
1.62861E+12,582
1.62861E+12,672
1.62861E+12,695
1.62861E+12,690
1.62861E+12,714
1.62861E+12,576
1.62861E+12,797
1.62861E+12,628
1.62861E+12,637
1.62861E+12,614
1.62861E+12,668
1.62861E+12,702
1.62861E+12,828
1.62861E+12,807
1.62861E+12,807
1.62861E+12,905
1.62861E+12,882
1.62861E+12,712
1.62861E+12,739
1.62861E+12,704
1.62861E+12,849
1.62861E+12,798
1.62861E+12,797
1.62861E+12,746
1.62861E+12,924
1.62861E+12,726
1.62861E+12,741
1.62861E+12,566
1.62861E+12,852
1.62861E+12,794
1.62861E+12,593
1.62861E+12,804
1.62861E+12,810
1.62861E+12,844
1.62861E+12,660
1.62861E+12,860
1.62861E+12,817
1.62861E+12,685
1.62861E+12,804
1.62861E+12,812
1.62861E+12,847
1.62861E+12,514
1.62861E+12,905
1.62861E+12,752
1.62861E+12,748
1.62861E+12,735
1.62861E+12,744
1.62861E+12,785
1.62861E+12,759
1.62861E+12,645
1.62861E+12,1013
1.62861E+12,696
1.62861E+12,610
1.62861E+12,549
1.62861E+12,402
1.62861E+12,553
1.62861E+12,919
1.62861E+12,698
1.62861E+12,587
1.62861E+12,626
1.62861E+12,898
1.62861E+12,530
1.62861E+12,602
1.62861E+12,605
1.62861E+12,641
1.62861E+12,502
1.62861E+12,561
1.62861E+12,650
1.62861E+12,524
1.62861E+12,644
1.62861E+12,512
1.62861E+12,699
1.62861E+12,497
1.62861E+12,515
1.62861E+12,697
1.62861E+12,608
1.62861E+12,610
1.62861E+12,353
1.62861E+12,606
1.62861E+12,834
1.62861E+12,708
1.62861E+12,771
1.62861E+12,536
1.62861E+12,661
1.62861E+12,604
1.62861E+12,547
1.62861E+12,571
1.62861E+12,465
1.62861E+12,519
1.62861E+12,682
1.62861E+12,642
1.62861E+12,633
1.62861E+12,874
1.62861E+12,566
1.62861E+12,483
1.62861E+12,440
1.62861E+12,387
1.62861E+12,586
1.62861E+12,670
1.62861E+12,750
1.62861E+12,514
1.62861E+12,710
1.62861E+12,454
1.62861E+12,614
1.62861E+12,452
1.62861E+12,590
1.62861E+12,330
1.62861E+12,493
1.62861E+12,431
1.62861E+12,507
1.62861E+12,507
1.62861E+12,595
1.62861E+12,534
1.62861E+12,429
1.62861E+12,475
1.62861E+12,552
1.62861E+12,470
1.62861E+12,517
1.62861E+12,279
1.62861E+12,417
1.62861E+12,476
1.62861E+12,432
1.62861E+12,439
1.62861E+12,461
1.62861E+12,449
1.62861E+12,369
1.62861E+12,454
1.62861E+12,385
1.62861E+12,381
1.62861E+12,538
1.62861E+12,413
1.62861E+12,565
1.62861E+12,568
1.62861E+12,492
1.62861E+12,512
1.62861E+12,497
1.62861E+12,548
1.62861E+12,552
1.62861E+12,555
1.62861E+12,604
1.62861E+12,606
1.62861E+12,589
1.62861E+12,620
1.62861E+12,688
1.62861E+12,633
1.62861E+12,700
1.62861E+12,740
1.62861E+12,752
1.62861E+12,716
1.62861E+12,716
1.62861E+12,721
1.62861E+12,637
1.62861E+12,615
1.62861E+12,677
1.62861E+12,682
1.62861E+12,728
1.62861E+12,743
1.62861E+12,789
1.62861E+12,752
1.62861E+12,861
1.62861E+12,669
1.62861E+12,775
1.62861E+12,485
1.62861E+12,790
1.62861E+12,608
1.62861E+12,730
1.62861E+12,855
1.62861E+12,734
1.62861E+12,588
1.62861E+12,814
1.62861E+12,669
1.62861E+12,761
1.62861E+12,785
1.62861E+12,847
1.62861E+12,763
1.62861E+12,827
1.62861E+12,768
1.62861E+12,812
1.62861E+12,705
1.62861E+12,710
1.62861E+12,672
1.62861E+12,877
1.62861E+12,734
1.62861E+12,570
1.62861E+12,608
1.62861E+12,570
1.62861E+12,594
1.62861E+12,614
1.62861E+12,613
1.62861E+12,714
1.62861E+12,537
1.62861E+12,598
1.62861E+12,940
1.62861E+12,754
1.62861E+12,623
1.62861E+12,596
1.62861E+12,629
1.62861E+12,661
1.62861E+12,656
1.62861E+12,715
1.62861E+12,674
1.62861E+12,903
1.62861E+12,520
1.62861E+12,649
1.62861E+12,725
1.62861E+12,734
1.62861E+12,469
1.62861E+12,677
1.62861E+12,1077
1.62861E+12,798
1.62861E+12,528
1.62861E+12,833
1.62861E+12,481
1.62861E+12,504
1.62861E+12,645
1.62861E+12,488
1.62861E+12,558
1.62861E+12,509
1.62861E+12,509
1.62861E+12,586
1.62861E+12,644
1.62861E+12,493
1.62861E+12,459
1.62861E+12,599
1.62861E+12,510
1.62861E+12,556
1.62861E+12,622
1.62861E+12,577
1.62861E+12,546
1.62861E+12,646
1.62861E+12,322
1.62861E+12,359
1.62861E+12,302
1.62861E+12,577
1.62861E+12,653
1.62861E+12,722
1.62861E+12,326
1.62861E+12,637
1.62861E+12,624
1.62861E+12,356
1.62861E+12,338
1.62861E+12,694
1.62861E+12,222
1.62861E+12,252
1.62861E+12,277
1.62861E+12,325
1.62861E+12,333
1.62861E+12,303
1.62861E+12,339
1.62861E+12,657
1.62861E+12,389
1.62861E+12,480
1.62861E+12,364
1.62861E+12,444
1.62861E+12,516
1.62861E+12,514
1.62861E+12,552
1.62861E+12,524
1.62861E+12,566
1.62861E+12,543
1.62861E+12,576
1.62861E+12,604
1.62861E+12,589
1.62861E+12,571
1.62861E+12,552
1.62861E+12,584
1.62861E+12,649
1.62861E+12,617
1.62861E+12,575
1.62861E+12,640
1.62861E+12,710
1.62861E+12,597
1.62861E+12,648
1.62861E+12,604
1.62861E+12,646
1.62861E+12,675
1.62861E+12,713
1.62861E+12,725
1.62861E+12,809
1.62861E+12,719
1.62861E+12,768
1.62861E+12,706
1.62861E+12,753
1.62861E+12,752
1.62861E+12,797
1.62861E+12,556
1.62861E+12,673
1.62861E+12,679
1.62861E+12,801
1.62861E+12,765
1.62861E+12,665
1.62861E+12,835
1.62861E+12,802
1.62861E+12,806
1.62861E+12,481
1.62861E+12,786
1.62861E+12,905
1.62861E+12,883
1.62861E+12,416
1.62861E+12,511
1.62861E+12,852
1.62861E+12,502
1.62861E+12,865
1.62861E+12,905
1.62861E+12,441
1.62861E+12,532
1.62861E+12,730
1.62861E+12,800
1.62861E+12,651
1.62861E+12,1021
1.62861E+12,594
1.62861E+12,623
1.62861E+12,594
1.62861E+12,582
1.62861E+12,509
1.62861E+12,708
1.62861E+12,472
1.62861E+12,588
1.62861E+12,539
1.62861E+12,642
1.62861E+12,542
1.62861E+12,558
1.62861E+12,664
1.62861E+12,504
1.62861E+12,553
1.62861E+12,597
1.62861E+12,793
1.62861E+12,463
1.62861E+12,673
1.62861E+12,534
1.62861E+12,1063
1.62861E+12,524
1.62861E+12,515
1.62861E+12,530
1.62861E+12,632
1.62861E+12,591
1.62861E+12,560
1.62861E+12,580
1.62861E+12,387
1.62861E+12,642
1.62861E+12,545
1.62861E+12,592
1.62861E+12,660
1.62861E+12,581
1.62861E+12,594
1.62861E+12,626
1.62861E+12,464
1.62861E+12,564
1.62861E+12,531
1.62861E+12,700
1.62861E+12,646
1.62861E+12,530
1.62861E+12,873
1.62861E+12,521
1.62861E+12,575
1.62861E+12,486
1.62861E+12,476
1.62861E+12,668
1.62861E+12,651
1.62861E+12,514
1.62861E+12,643
1.62861E+12,639
1.62861E+12,683
1.62861E+12,627
1.62861E+12,592
1.62861E+12,591
1.62861E+12,714
1.62861E+12,620
1.62861E+12,745
1.62861E+12,717
1.62861E+12,704
1.62861E+12,626
1.62861E+12,705
1.62861E+12,692
1.62861E+12,683
1.62861E+12,687
1.62861E+12,591
1.62861E+12,738
1.62861E+12,622
1.62861E+12,811
1.62861E+12,583
1.62861E+12,748
1.62861E+12,482
1.62861E+12,757
1.62861E+12,721
1.62861E+12,337
1.62861E+12,758
1.62861E+12,592
1.62861E+12,807
1.62861E+12,772
1.62861E+12,547
1.62861E+12,565
1.62861E+12,549
1.62861E+12,656
1.62861E+12,671
1.62861E+12,544
1.62861E+12,801
1.62861E+12,786
1.62861E+12,751
1.62861E+12,526
1.62861E+12,622
1.62861E+12,809
1.62861E+12,596
1.62861E+12,851
1.62861E+12,509
1.62861E+12,605
1.62861E+12,744
1.62861E+12,573
1.62861E+12,708
1.62861E+12,694
1.62861E+12,533
1.62861E+12,457
1.62861E+12,439
1.62861E+12,657
1.62861E+12,484
1.62861E+12,623
1.62861E+12,735
1.62861E+12,517
1.62861E+12,600
1.62861E+12,556
1.62861E+12,940
1.62861E+12,792
1.62861E+12,414
1.62861E+12,619
1.62861E+12,617
1.62861E+12,522
1.62861E+12,550
1.62861E+12,594
1.62861E+12,547
1.62861E+12,664
1.62861E+12,606
1.62861E+12,451
1.62861E+12,669
1.62861E+12,836
1.62861E+12,412
1.62861E+12,623
1.62861E+12,616
1.62861E+12,424
1.62861E+12,665
1.62861E+12,619
1.62861E+12,658
1.62861E+12,498
1.62861E+12,545
1.62861E+12,451
1.62861E+12,611
1.62861E+12,724
1.62861E+12,510
1.62861E+12,479
1.62861E+12,745
1.62861E+12,409
1.62861E+12,599
1.62861E+12,607
1.62861E+12,500
1.62861E+12,466
1.62861E+12,650
1.62861E+12,545
1.62861E+12,525
1.62861E+12,445
1.62861E+12,510
1.62861E+12,691
1.62861E+12,558
1.62861E+12,547
1.62861E+12,533
1.62861E+12,738
1.62861E+12,618
1.62861E+12,533
1.62861E+12,664
1.62861E+12,430
1.62861E+12,542
1.62861E+12,963
1.62861E+12,456
1.62861E+12,747
1.62861E+12,497
1.62861E+12,511
1.62861E+12,528
1.62861E+12,538
1.62861E+12,529
1.62861E+12,526
1.62861E+12,507
1.62861E+12,633
1.62861E+12,491
1.62861E+12,481
1.62861E+12,557
1.62861E+12,696
1.62861E+12,685
1.62861E+12,554
1.62861E+12,582
1.62861E+12,592
1.62861E+12,624
1.62861E+12,624
1.62861E+12,531
1.62861E+12,783
1.62861E+12,700
1.62861E+12,761
1.62861E+12,609
1.62861E+12,593
1.62861E+12,780
1.62861E+12,752
1.62861E+12,585
1.62861E+12,638
1.62861E+12,687
1.62861E+12,621
1.62861E+12,591
1.62861E+12,713
1.62861E+12,637
1.62861E+12,635
1.62861E+12,668
1.62861E+12,761
1.62861E+12,790
1.62861E+12,441
1.62861E+12,719
1.62861E+12,905
1.62861E+12,962
1.62861E+12,692
1.62861E+12,488
1.62861E+12,754
1.62861E+12,581
1.62861E+12,618
1.62861E+12,717
1.62861E+12,577
1.62861E+12,724
1.62861E+12,557
1.62861E+12,780
1.62861E+12,672
1.62861E+12,596
1.62861E+12,615
1.62861E+12,561
1.62861E+12,773
1.62861E+12,652
1.62861E+12,667
1.62861E+12,707
1.62861E+12,573
1.62861E+12,760
1.62861E+12,684
1.62861E+12,566
1.62861E+12,647
1.62861E+12,506
1.62861E+12,729
1.62861E+12,735
1.62861E+12,742
1.62861E+12,564
1.62861E+12,424
1.62861E+12,741
1.62861E+12,444
1.62861E+12,643
1.62861E+12,652
1.62861E+12,441
1.62861E+12,596
1.62861E+12,511
1.62861E+12,678
1.62861E+12,677
1.62861E+12,673
1.62861E+12,562
1.62861E+12,572
1.62861E+12,500
1.62861E+12,740
1.62861E+12,735
1.62861E+12,692
1.62861E+12,564
1.62861E+12,576
1.62861E+12,621
1.62861E+12,479
1.62861E+12,453
1.62861E+12,599
1.62861E+12,770
1.62861E+12,601
1.62861E+12,491
1.62861E+12,445
1.62861E+12,490
1.62861E+12,1023
1.62861E+12,525
1.62861E+12,757
1.62861E+12,822
1.62861E+12,474
1.62861E+12,686
1.62861E+12,691
1.62861E+12,555
1.62861E+12,473
1.62861E+12,506
1.62861E+12,762
1.62861E+12,469
1.62861E+12,892
1.62861E+12,539
1.62861E+12,888
1.62861E+12,442
1.62861E+12,484
1.62861E+12,395
1.62861E+12,491
1.62861E+12,488
1.62861E+12,529
1.62861E+12,711
1.62861E+12,477
1.62861E+12,482
1.62861E+12,387
1.62861E+12,465
1.62861E+12,473
1.62861E+12,503
1.62861E+12,514
1.62861E+12,596
1.62861E+12,552
1.62861E+12,488
1.62861E+12,502
1.62861E+12,590
1.62861E+12,649
1.62861E+12,529
1.62861E+12,538
1.62861E+12,609
1.62861E+12,671
1.62861E+12,546
1.62861E+12,599
1.62861E+12,579
1.62861E+12,628
1.62861E+12,600
1.62861E+12,615
1.62861E+12,617
1.62861E+12,666
1.62861E+12,599
1.62861E+12,668
1.62861E+12,726
1.62861E+12,709
1.62861E+12,681
1.62861E+12,631
1.62861E+12,636
1.62861E+12,745
1.62861E+12,663
1.62861E+12,526
1.62861E+12,665
1.62861E+12,659
1.62861E+12,757
1.62861E+12,693
1.62861E+12,744
1.62861E+12,485
1.62861E+12,476
1.62861E+12,507
1.62861E+12,642
1.62861E+12,753
1.62861E+12,644
1.62861E+12,800
1.62861E+12,868
1.62861E+12,619
1.62861E+12,570
1.62861E+12,822
1.62861E+12,624
1.62861E+12,853
1.62861E+12,594
1.62861E+12,594
1.62861E+12,533
1.62861E+12,581
1.62861E+12,630
1.62861E+12,600
1.62861E+12,540
1.62861E+12,632
1.62861E+12,642
1.62861E+12,588
1.62861E+12,852
1.62861E+12,340
1.62861E+12,490
1.62861E+12,308
1.62861E+12,561
1.62861E+12,344
1.62861E+12,950
1.62861E+12,598
1.62861E+12,551
1.62861E+12,622
1.62861E+12,474
1.62861E+12,862
1.62861E+12,444
1.62861E+12,615
1.62861E+12,596
1.62861E+12,443
1.62861E+12,457
1.62861E+12,708
1.62861E+12,640
1.62861E+12,596
1.62861E+12,491
1.62861E+12,822
1.62861E+12,554
1.62861E+12,570
1.62861E+12,539
1.62861E+12,676
1.62861E+12,691
1.62861E+12,507
1.62861E+12,685
1.62861E+12,498
1.62861E+12,544
1.62861E+12,516
1.62861E+12,544
1.62861E+12,839
1.62861E+12,409
1.62861E+12,654
1.62861E+12,663
1.62861E+12,699
1.62861E+12,537
1.62861E+12,418
1.62861E+12,487
1.62861E+12,651
1.62861E+12,504
1.62861E+12,896
1.62861E+12,617
1.62861E+12,549
1.62861E+12,1011
1.62861E+12,489
1.62861E+12,470
1.62861E+12,671
1.62861E+12,532
1.62861E+12,491
1.62861E+12,843
1.62861E+12,681
1.62861E+12,468
1.62861E+12,653
1.62861E+12,489
1.62861E+12,637
1.62861E+12,705
1.62861E+12,527
1.62861E+12,704
1.62861E+12,648
1.62861E+12,689
1.62861E+12,573
1.62861E+12,591
1.62861E+12,509
1.62861E+12,537
1.62861E+12,537
1.62861E+12,668
1.62861E+12,508
1.62861E+12,683
1.62861E+12,563
1.62861E+12,403
1.62861E+12,582
1.62861E+12,560
1.62861E+12,468
1.62861E+12,585
1.62861E+12,535
1.62861E+12,549
1.62861E+12,663
1.62861E+12,630
1.62861E+12,494
1.62861E+12,526
1.62861E+12,588
1.62861E+12,741
1.62861E+12,719
1.62861E+12,467
1.62861E+12,530
1.62861E+12,512
1.62861E+12,533
1.62861E+12,531
1.62861E+12,426
1.62861E+12,584
1.62861E+12,606
1.62861E+12,617
1.62861E+12,415
1.62861E+12,491
1.62861E+12,481
1.62861E+12,579
1.62861E+12,549
1.62861E+12,450
1.62861E+12,465
1.62861E+12,590
1.62861E+12,618
1.62861E+12,472
1.62861E+12,682
1.62861E+12,632
1.62861E+12,641
1.62861E+12,515
1.62861E+12,522
1.62861E+12,744
1.62861E+12,566
1.62861E+12,506
1.62861E+12,581
1.62861E+12,565
1.62861E+12,508
1.62861E+12,526
1.62861E+12,592
1.62861E+12,523
1.62861E+12,629
1.62861E+12,686
1.62861E+12,389
1.62861E+12,645
1.62861E+12,576
1.62861E+12,502
1.62861E+12,672
1.62861E+12,389
1.62861E+12,677
1.62861E+12,493
1.62861E+12,522
1.62861E+12,462
1.62861E+12,668
1.62861E+12,536
1.62861E+12,320
1.62861E+12,391
1.62861E+12,519
1.62861E+12,486
1.62861E+12,577
1.62861E+12,712
1.62861E+12,546
1.62861E+12,582
1.62861E+12,346
1.62861E+12,368
1.62861E+12,570
1.62861E+12,395
1.62861E+12,656
1.62861E+12,469
1.62861E+12,423
1.62861E+12,432
1.62861E+12,449
1.62861E+12,466
1.62861E+12,393
1.62861E+12,473
1.62861E+12,405
1.62861E+12,401
1.62861E+12,441
1.62861E+12,414
1.62861E+12,480
1.62861E+12,401
1.62861E+12,520
1.62861E+12,441
1.62861E+12,423
1.62861E+12,432
1.62861E+12,478
1.62861E+12,479
1.62861E+12,479
1.62861E+12,372
1.62861E+12,444
1.62861E+12,457
1.62861E+12,432
1.62861E+12,421
1.62861E+12,374
1.62861E+12,378
1.62861E+12,428
1.62861E+12,444
1.62861E+12,430
1.62861E+12,487
1.62861E+12,500
1.62861E+12,457
1.62861E+12,510
1.62861E+12,536
1.62861E+12,556
1.62861E+12,574
1.62861E+12,521
1.62861E+12,551
1.62861E+12,589
1.62861E+12,606
1.62861E+12,577
1.62861E+12,571
1.62861E+12,511
1.62861E+12,611
1.62861E+12,534
1.62861E+12,630
1.62861E+12,691
1.62861E+12,698
1.62861E+12,657
1.62861E+12,568
1.62861E+12,595
1.62861E+12,657
1.62861E+12,628
1.62861E+12,629
1.62861E+12,674
1.62861E+12,729
1.62861E+12,810
1.62861E+12,607
1.62861E+12,699
1.62861E+12,594
1.62861E+12,610
1.62861E+12,706
1.62861E+12,699
1.62861E+12,674
1.62861E+12,711
1.62861E+12,676
1.62861E+12,735
1.62861E+12,581
1.62861E+12,634
1.62861E+12,627
1.62861E+12,702
1.62861E+12,635
1.62861E+12,512
1.62861E+12,582
1.62861E+12,631
1.62861E+12,658
1.62861E+12,560
1.62861E+12,438
1.62861E+12,436
1.62861E+12,493
1.62861E+12,498
1.62861E+12,520
1.62861E+12,666
1.62861E+12,633
1.62861E+12,671
1.62861E+12,535
1.62861E+12,493
1.62861E+12,454
1.62861E+12,491
1.62861E+12,512
1.62861E+12,532
1.62861E+12,463
1.62861E+12,509
1.62861E+12,500
1.62861E+12,384
1.62861E+12,570
1.62861E+12,463
1.62861E+12,536
1.62861E+12,602
1.62861E+12,513
1.62861E+12,571
1.62861E+12,461
1.62861E+12,496
1.62861E+12,572
1.62861E+12,629
1.62861E+12,601
1.62861E+12,568
1.62861E+12,627
1.62861E+12,663
1.62861E+12,645
1.62861E+12,655
1.62861E+12,609
1.62861E+12,708
1.62861E+12,716
1.62861E+12,740
1.62861E+12,682
1.62861E+12,833
1.62861E+12,690
1.62861E+12,702
1.62861E+12,769
1.62861E+12,785
1.62861E+12,800
1.62861E+12,823
1.62861E+12,773
1.62861E+12,833
1.62861E+12,896
1.62861E+12,799
1.62861E+12,873
1.62861E+12,864
1.62861E+12,949
1.62861E+12,924
1.62861E+12,1014
1.62861E+12,766
1.62861E+12,828
1.62861E+12,976
1.62861E+12,969
1.62861E+12,967
1.62861E+12,733
1.62861E+12,668
1.62861E+12,848
1.62861E+12,928
1.62861E+12,991
1.62861E+12,999
1.62861E+12,834
1.62861E+12,808
1.62861E+12,696
1.62861E+12,979
1.62861E+12,928
1.62861E+12,478
1.62861E+12,510
1.62861E+12,673
1.62861E+12,701
1.62861E+12,803
1.62861E+12,633
1.62861E+12,742
1.62861E+12,970
1.62861E+12,674
1.62861E+12,504
1.62861E+12,557
1.62861E+12,737
1.62861E+12,680
1.62861E+12,617
1.62861E+12,707
1.62861E+12,509
1.62861E+12,835
1.62861E+12,549
1.62861E+12,652
1.62861E+12,648
1.62861E+12,590
1.62861E+12,404
1.62861E+12,646
1.62861E+12,693
1.62861E+12,748
1.62861E+12,492
1.62861E+12,856
1.62861E+12,529
1.62861E+12,510
1.62861E+12,500
1.62861E+12,573
1.62861E+12,548
1.62861E+12,567
1.62861E+12,864
1.62861E+12,627
1.62861E+12,633
1.62861E+12,606
1.62861E+12,617
1.62861E+12,617
1.62861E+12,475
1.62861E+12,629
1.62861E+12,639
1.62861E+12,547
1.62861E+12,952
1.62861E+12,642
1.62861E+12,669
1.62861E+12,702
1.62861E+12,682
1.62861E+12,629
1.62861E+12,731
1.62861E+12,545
1.62861E+12,553
1.62861E+12,439
1.62861E+12,653
1.62861E+12,757
1.62861E+12,572
1.62861E+12,495
1.62861E+12,646
1.62861E+12,726
1.62861E+12,707
1.62861E+12,835
1.62861E+12,494
1.62861E+12,633
1.62861E+12,742
1.62861E+12,669
1.62861E+12,613
1.62861E+12,651
1.62861E+12,475
1.62861E+12,501
1.62861E+12,380
1.62861E+12,653
1.62861E+12,627
1.62861E+12,599
1.62861E+12,583
1.62861E+12,755
1.62861E+12,706
1.62861E+12,560
1.62861E+12,583
1.62861E+12,709
1.62861E+12,460
1.62861E+12,590
1.62861E+12,492
1.62861E+12,604
1.62861E+12,576
1.62861E+12,500
1.62861E+12,496
1.62861E+12,719
1.62861E+12,499
1.62861E+12,520
1.62861E+12,450
1.62861E+12,570
1.62861E+12,508
1.62861E+12,545
1.62861E+12,366
1.62861E+12,641
1.62861E+12,629
1.62861E+12,585
1.62861E+12,534
1.62861E+12,487
1.62861E+12,397
1.62861E+12,708
1.62861E+12,541
1.62861E+12,530
1.62861E+12,725
1.62861E+12,626
1.62861E+12,499
1.62861E+12,449
1.62861E+12,629
1.62861E+12,579
1.62861E+12,541
1.62861E+12,517
1.62861E+12,581
1.62861E+12,514
1.62861E+12,568
1.62861E+12,752
1.62861E+12,432
1.62861E+12,474
1.62861E+12,595
1.62861E+12,584
1.62861E+12,527
1.62861E+12,449
1.62861E+12,483
1.62861E+12,597
1.62861E+12,522
1.62861E+12,466
1.62861E+12,525
1.62861E+12,757
1.62861E+12,524
1.62861E+12,584
1.62861E+12,683
1.62861E+12,605
1.62861E+12,657
1.62861E+12,488
1.62861E+12,555
1.62861E+12,534
1.62861E+12,640
1.62861E+12,488
1.62861E+12,639
1.62861E+12,616
1.62861E+12,506
1.62861E+12,533
1.62861E+12,549
1.62861E+12,508
1.62861E+12,705
1.62861E+12,741
1.62861E+12,635
1.62861E+12,580
1.62861E+12,518
1.62861E+12,559
1.62861E+12,531
1.62861E+12,594
1.62861E+12,386
1.62861E+12,593
1.62861E+12,344
1.62861E+12,782
1.62861E+12,797
1.62861E+12,792
1.62861E+12,363
1.62861E+12,625
1.62861E+12,473
1.62861E+12,415
1.62861E+12,391
1.62861E+12,536
1.62861E+12,572
1.62861E+12,644
1.62861E+12,653
1.62861E+12,715
1.62861E+12,446
1.62861E+12,688
1.62861E+12,577
1.62861E+12,368
1.62861E+12,420
1.62861E+12,691
1.62861E+12,758
1.62861E+12,713
1.62861E+12,501
1.62861E+12,544
1.62861E+12,564
1.62861E+12,832
1.62861E+12,539
1.62861E+12,494
1.62861E+12,558
1.62861E+12,577
1.62861E+12,479
1.62861E+12,612
1.62861E+12,446
1.62861E+12,443
1.62861E+12,469
1.62861E+12,573
1.62861E+12,550
1.62861E+12,547
1.62861E+12,529
1.62861E+12,731
1.62861E+12,479
1.62861E+12,655
1.62861E+12,614
1.62861E+12,705
1.62861E+12,590
1.62861E+12,608
1.62861E+12,694
1.62861E+12,699
1.62861E+12,690
1.62861E+12,602
1.62861E+12,699
1.62861E+12,680
1.62861E+12,735
1.62861E+12,709
1.62861E+12,286
1.62861E+12,710
1.62861E+12,702
1.62861E+12,586
1.62861E+12,671
1.62861E+12,692
1.62861E+12,676
1.62861E+12,510
1.62861E+12,404
1.62861E+12,502
1.62861E+12,675
1.62861E+12,822
1.62861E+12,685
1.62861E+12,698
1.62861E+12,447
1.62861E+12,796
1.62861E+12,656
1.62861E+12,494
1.62861E+12,779
1.62861E+12,597
1.62861E+12,784
1.62861E+12,783
1.62861E+12,560
1.62861E+12,839
1.62861E+12,845
1.62861E+12,519
1.62861E+12,577
1.62861E+12,802
1.62861E+12,637
1.62861E+12,779
1.62861E+12,434
1.62861E+12,562
1.62861E+12,896
1.62861E+12,767
1.62861E+12,662
1.62861E+12,655
1.62861E+12,505
1.62861E+12,638
1.62861E+12,571
1.62861E+12,497
1.62861E+12,591
1.62861E+12,553
1.62861E+12,561
1.62861E+12,500
1.62861E+12,543
1.62861E+12,505
1.62861E+12,598
1.62861E+12,650
1.62861E+12,479
1.62861E+12,656
1.62861E+12,429
1.62861E+12,539
1.62861E+12,534
1.62861E+12,544
1.62861E+12,709
1.62861E+12,521
1.62861E+12,545
1.62861E+12,689
1.62861E+12,550
1.62861E+12,460
1.62861E+12,498
1.62861E+12,532
1.62861E+12,624
1.62861E+12,562
1.62861E+12,548
1.62861E+12,555
1.62861E+12,476
1.62861E+12,555
1.62861E+12,523
1.62861E+12,562
1.62861E+12,775
1.62861E+12,800
1.62861E+12,525
1.62861E+12,543
1.62861E+12,813
1.62861E+12,800
1.62861E+12,602
1.62861E+12,596
1.62861E+12,648
1.62861E+12,646
1.62861E+12,669
1.62861E+12,582
1.62861E+12,530
1.62861E+12,518
1.62861E+12,604
1.62861E+12,567
1.62861E+12,334
1.62861E+12,723
1.62861E+12,748
1.62861E+12,731
1.62861E+12,700
1.62861E+12,388
1.62861E+12,585
1.62861E+12,560
1.62861E+12,616
1.62861E+12,611
1.62861E+12,633
1.62861E+12,599
1.62861E+12,635
1.62861E+12,693
1.62861E+12,467
1.62861E+12,488
1.62861E+12,603
1.62861E+12,510
1.62861E+12,441
1.62861E+12,611
1.62861E+12,615
1.62861E+12,596
1.62861E+12,560
1.62861E+12,530
1.62861E+12,555
1.62861E+12,609
1.62861E+12,608
1.62861E+12,676
1.62861E+12,638
1.62861E+12,665
1.62861E+12,469
1.62861E+12,496
1.62861E+12,788
1.62861E+12,720
1.62861E+12,774
1.62861E+12,564
1.62861E+12,566
1.62861E+12,538
1.62861E+12,492
1.62861E+12,488
1.62861E+12,328
1.62861E+12,707
1.62861E+12,628
1.62861E+12,487
1.62861E+12,771
1.62861E+12,591
1.62861E+12,677
1.62861E+12,456
1.62861E+12,663
1.62861E+12,672
1.62861E+12,492
1.62861E+12,594
1.62861E+12,557
1.62861E+12,532
1.62861E+12,462
1.62861E+12,725
1.62861E+12,543
1.62861E+12,550
1.62861E+12,434
1.62861E+12,753
1.62861E+12,581
1.62861E+12,675
1.62861E+12,705
1.62861E+12,480
1.62861E+12,737
1.62861E+12,473
1.62861E+12,630
1.62861E+12,579
1.62861E+12,512
1.62861E+12,877
1.62861E+12,690
1.62861E+12,694
1.62861E+12,609
1.62861E+12,673
1.62861E+12,612
1.62861E+12,694
1.62861E+12,552
1.62861E+12,544
1.62861E+12,610
1.62861E+12,541
1.62861E+12,638
1.62861E+12,591
1.62861E+12,708
1.62861E+12,720
1.62861E+12,612
1.62861E+12,695
1.62861E+12,486
1.62861E+12,802
1.62861E+12,496
1.62861E+12,633
1.62861E+12,666
1.62861E+12,641
1.62861E+12,641
1.62861E+12,605
1.62861E+12,469
1.62861E+12,498
1.62861E+12,676
1.62861E+12,612
1.62861E+12,792
1.62861E+12,590
1.62861E+12,484
1.62861E+12,535
1.62861E+12,618
1.62861E+12,516
1.62861E+12,616
1.62861E+12,576
1.62861E+12,456
1.62861E+12,601
1.62861E+12,586
1.62861E+12,569
1.62861E+12,854
1.62861E+12,578
1.62861E+12,586
1.62861E+12,570
1.62861E+12,602
1.62861E+12,551
1.62861E+12,578
1.62861E+12,529
1.62861E+12,764
1.62861E+12,654
1.62861E+12,539
1.62861E+12,483
1.62861E+12,560
1.62861E+12,486
1.62861E+12,492
1.62861E+12,603
1.62861E+12,546
1.62861E+12,583
1.62861E+12,386
1.62861E+12,565
1.62861E+12,537
1.62861E+12,556
1.62861E+12,583
1.62861E+12,612
1.62861E+12,653
1.62861E+12,814
1.62861E+12,627
1.62861E+12,629
1.62861E+12,602
1.62861E+12,632
1.62861E+12,621
1.62861E+12,428
1.62861E+12,545
1.62861E+12,442
1.62861E+12,525
1.62861E+12,695
1.62861E+12,458
1.62861E+12,627
1.62861E+12,744
1.62861E+12,492
1.62861E+12,668
1.62861E+12,599
1.62861E+12,828
1.62861E+12,591
1.62861E+12,414
1.62861E+12,576
1.62861E+12,547
1.62861E+12,567
1.62861E+12,506
1.62861E+12,573
1.62861E+12,586
1.62861E+12,570
1.62861E+12,569
1.62861E+12,598
1.62861E+12,606
1.62861E+12,457
1.62861E+12,628
1.62861E+12,506
1.62861E+12,538
1.62861E+12,585
1.62861E+12,564
1.62861E+12,540
1.62861E+12,576
1.62861E+12,581
1.62861E+12,594
1.62861E+12,527
1.62861E+12,674
1.62861E+12,533
1.62861E+12,521
1.62861E+12,754
1.62861E+12,426
1.62861E+12,546
1.62861E+12,714
1.62861E+12,511
1.62861E+12,517
1.62861E+12,508
1.62861E+12,533
1.62861E+12,647
1.62861E+12,596
1.62861E+12,706
1.62861E+12,519
1.62861E+12,503
1.62861E+12,532
1.62861E+12,461
1.62861E+12,626
1.62861E+12,463
1.62861E+12,446
1.62861E+12,539
1.62861E+12,558
1.62861E+12,388
1.62861E+12,580
1.62861E+12,513
1.62861E+12,569
1.62861E+12,553
1.62861E+12,731
1.62861E+12,543
1.62861E+12,542
1.62861E+12,727
1.62861E+12,455
1.62861E+12,521
1.62861E+12,627
1.62861E+12,477
1.62861E+12,624
1.62861E+12,661
1.62861E+12,473
1.62861E+12,576
1.62861E+12,736
1.62861E+12,704
1.62861E+12,428
1.62861E+12,434
1.62861E+12,422
1.62861E+12,598
1.62861E+12,608
1.62861E+12,539
1.62861E+12,749
1.62861E+12,708
1.62861E+12,543
1.62861E+12,489
1.62861E+12,557
1.62861E+12,920
1.62861E+12,701
1.62861E+12,703
1.62861E+12,549
1.62861E+12,522
1.62861E+12,574
1.62861E+12,516
1.62861E+12,594
1.62861E+12,517
1.62861E+12,502
1.62861E+12,595
1.62861E+12,366
1.62861E+12,530
1.62861E+12,507
1.62861E+12,555
1.62861E+12,455
1.62861E+12,577
1.62861E+12,340
1.62861E+12,361
1.62861E+12,621
1.62861E+12,538
1.62861E+12,411
1.62861E+12,505
1.62861E+12,679
1.62861E+12,718
1.62861E+12,630
1.62861E+12,613
1.62861E+12,397
1.62861E+12,668
1.62861E+12,414
1.62861E+12,534
1.62861E+12,542
1.62861E+12,589
1.62861E+12,626
1.62861E+12,623
1.62861E+12,581
1.62861E+12,609
1.62861E+12,636
1.62861E+12,670
1.62861E+12,496
1.62861E+12,528
1.62861E+12,528
1.62861E+12,427
1.62861E+12,510
1.62861E+12,526
1.62861E+12,549
1.62861E+12,624
1.62861E+12,575
1.62861E+12,591
1.62861E+12,612
1.62861E+12,590
1.62861E+12,415
1.62861E+12,658
1.62861E+12,659
1.62861E+12,718
1.62861E+12,511
1.62861E+12,663
1.62861E+12,509
1.62861E+12,718
1.62861E+12,520
1.62861E+12,637
1.62861E+12,710
1.62861E+12,720
1.62861E+12,639
1.62861E+12,529
1.62861E+12,807
1.62861E+12,651
1.62861E+12,793
1.62861E+12,624
1.62861E+12,472
1.62861E+12,547
1.62861E+12,629
1.62861E+12,425
1.62861E+12,551
1.62861E+12,775
1.62861E+12,489
1.62861E+12,639
1.62861E+12,632
1.62861E+12,594
1.62861E+12,610
1.62861E+12,639
1.62861E+12,600
1.62861E+12,579
1.62861E+12,699
1.62861E+12,572
1.62861E+12,470
1.62861E+12,461
1.62861E+12,631
1.62861E+12,493
1.62861E+12,613
1.62861E+12,457
1.62861E+12,601
1.62861E+12,538
1.62861E+12,392
1.62861E+12,661
1.62861E+12,546
1.62861E+12,676
1.62861E+12,659
1.62861E+12,634
1.62861E+12,769
1.62861E+12,693
1.62861E+12,434
1.62861E+12,492
1.62861E+12,575
1.62861E+12,491
1.62861E+12,539
1.62861E+12,801
1.62861E+12,356
1.62861E+12,601
1.62861E+12,672
1.62861E+12,450
1.62861E+12,509
1.62861E+12,443
1.62861E+12,452
1.62861E+12,551
1.62861E+12,567
1.62861E+12,565
1.62861E+12,586
1.62861E+12,544
1.62861E+12,540
1.62861E+12,536
1.62861E+12,543
1.62861E+12,554
1.62861E+12,531
1.62861E+12,680
1.62861E+12,544
1.62861E+12,732
1.62861E+12,466
1.62861E+12,630
1.62861E+12,586
1.62861E+12,396
1.62861E+12,702
1.62861E+12,480
1.62861E+12,857
1.62861E+12,459
1.62861E+12,609
1.62861E+12,470
1.62861E+12,718
1.62861E+12,655
1.62861E+12,454
1.62861E+12,543
1.62861E+12,564
1.62861E+12,441
1.62861E+12,544
1.62861E+12,474
1.62861E+12,600
1.62861E+12,738
1.62861E+12,476
1.62861E+12,599
1.62861E+12,584
1.62861E+12,434
1.62861E+12,468
1.62861E+12,337
1.62861E+12,603
1.62861E+12,674
1.62861E+12,510
1.62861E+12,529
1.62861E+12,536
1.62861E+12,740
1.62861E+12,522
1.62861E+12,516
1.62861E+12,615
1.62861E+12,592
1.62861E+12,602
1.62861E+12,431
1.62861E+12,522
1.62861E+12,498
1.62861E+12,608
1.62861E+12,525
1.62861E+12,474
1.62861E+12,382
1.62861E+12,470
1.62861E+12,648
1.62861E+12,473
1.62861E+12,713
1.62861E+12,389
1.62861E+12,515
1.62861E+12,567
1.62861E+12,541
1.62861E+12,499
1.62861E+12,294
1.62861E+12,488
1.62861E+12,643
1.62861E+12,520
1.62861E+12,550
1.62861E+12,374
1.62861E+12,847
1.62861E+12,542
1.62861E+12,575
1.62861E+12,473
1.62861E+12,478
1.62861E+12,478
1.62861E+12,561
1.62861E+12,554
1.62861E+12,570
1.62861E+12,512
1.62861E+12,626
1.62861E+12,518
1.62861E+12,771
1.62861E+12,408
1.62861E+12,442
1.62861E+12,587
1.62861E+12,771
1.62861E+12,530
1.62861E+12,504
1.62861E+12,676
1.62861E+12,563
1.62861E+12,669
1.62861E+12,714
1.62861E+12,664
1.62861E+12,717
1.62861E+12,776
1.62861E+12,906
1.62861E+12,682
1.62861E+12,786
1.62861E+12,692
1.62861E+12,782
1.62861E+12,780
1.62861E+12,915
1.62861E+12,819
1.62861E+12,782
1.62861E+12,930
1.62861E+12,877
1.62861E+12,954
1.62861E+12,1015
1.62861E+12,787
1.62861E+12,841
1.62861E+12,924
1.62861E+12,744
1.62861E+12,816
1.62861E+12,871
1.62861E+12,875
1.62861E+12,927
1.62861E+12,1024
1.62861E+12,1090
1.62861E+12,1133
1.62861E+12,967
1.62861E+12,1103
1.62861E+12,957
1.62861E+12,1005
1.62861E+12,879
1.62861E+12,959
1.62861E+12,566
1.62861E+12,957
1.62861E+12,881
1.62861E+12,1151
1.62861E+12,692
1.62861E+12,988
1.62861E+12,427
1.62861E+12,578
1.62861E+12,1088
1.62861E+12,1144
1.62861E+12,1124
1.62861E+12,528
1.62861E+12,802
1.62861E+12,1011
1.62861E+12,1094
1.62861E+12,1042
1.62861E+12,423
1.62861E+12,663
1.62861E+12,727
1.62861E+12,478
1.62861E+12,602
1.62861E+12,1143
1.62861E+12,1041
1.62861E+12,513
1.62861E+12,680
1.62861E+12,1302
1.62861E+12,798
1.62861E+12,1178
1.62861E+12,1288
1.62861E+12,565
1.62861E+12,894
1.62861E+12,598
1.62861E+12,946
1.62861E+12,622
1.62861E+12,631
1.62861E+12,486
1.62861E+12,629
1.62861E+12,546
1.62861E+12,534
1.62861E+12,427
1.62861E+12,431
1.62861E+12,693
1.62861E+12,526
1.62861E+12,473
1.62861E+12,493
1.62861E+12,372
1.62861E+12,563
1.62861E+12,534
1.62861E+12,439
1.62861E+12,567
1.62861E+12,880
1.62861E+12,607
1.62861E+12,643
1.62861E+12,681
1.62861E+12,678
1.62861E+12,551
1.62861E+12,542
1.62861E+12,527
1.62861E+12,557
1.62861E+12,546
1.62861E+12,584
1.62861E+12,559
1.62861E+12,601
1.62861E+12,556
1.62861E+12,538
1.62861E+12,565
1.62861E+12,628
1.62861E+12,649
1.62861E+12,657
1.62861E+12,647
1.62861E+12,369
1.62861E+12,632
1.62861E+12,637
1.62861E+12,487
1.62861E+12,488
1.62861E+12,429
1.62861E+12,406
1.62861E+12,678
1.62861E+12,578
1.62861E+12,756
1.62861E+12,746
1.62861E+12,645
1.62861E+12,758
1.62861E+12,726
1.62861E+12,589
1.62861E+12,595
1.62861E+12,591
1.62861E+12,747
1.62861E+12,503
1.62861E+12,549
1.62861E+12,570
1.62861E+12,602
1.62861E+12,619
1.62861E+12,663
1.62861E+12,390
1.62861E+12,499
1.62861E+12,726
1.62861E+12,634
1.62861E+12,534
1.62861E+12,459
1.62861E+12,533
1.62861E+12,435
1.62861E+12,656
1.62861E+12,552
1.62861E+12,517
1.62861E+12,554
1.62861E+12,554
1.62861E+12,564
1.62861E+12,370
1.62861E+12,776
1.62861E+12,623
1.62861E+12,528
1.62861E+12,736
1.62861E+12,529
1.62861E+12,423
1.62861E+12,506
1.62861E+12,519
1.62861E+12,548
1.62861E+12,543
1.62861E+12,540
1.62861E+12,436
1.62861E+12,522
1.62861E+12,570
1.62861E+12,653
1.62861E+12,545
1.62861E+12,556
1.62861E+12,624
1.62861E+12,556
1.62861E+12,857
1.62861E+12,494
1.62861E+12,536
1.62861E+12,525
1.62861E+12,528
1.62861E+12,542
1.62861E+12,636
1.62861E+12,472
1.62861E+12,508
1.62861E+12,343
1.62861E+12,516
1.62861E+12,590
1.62861E+12,573
1.62861E+12,449
1.62861E+12,349
1.62861E+12,588
1.62861E+12,418
1.62861E+12,606
1.62861E+12,426
1.62861E+12,435
1.62861E+12,717
1.62861E+12,532
1.62861E+12,492
1.62861E+12,528
1.62861E+12,628
1.62861E+12,510
1.62861E+12,547
1.62861E+12,629
1.62861E+12,567
1.62861E+12,544
1.62861E+12,523
1.62861E+12,544
1.62861E+12,632
1.62861E+12,554
1.62861E+12,615
1.62861E+12,593
1.62861E+12,649
1.62861E+12,647
1.62861E+12,482
1.62861E+12,683
1.62861E+12,581
1.62861E+12,588
1.62861E+12,709
1.62861E+12,563
1.62861E+12,590
1.62861E+12,551
1.62861E+12,588
1.62861E+12,712
1.62861E+12,568
1.62861E+12,596
1.62861E+12,376
1.62861E+12,572
1.62861E+12,584
1.62861E+12,621
1.62861E+12,554
1.62861E+12,597
1.62861E+12,679
1.62861E+12,536
1.62861E+12,614
1.62861E+12,415
1.62861E+12,499
1.62861E+12,616
1.62861E+12,570
1.62861E+12,672
1.62861E+12,664
1.62861E+12,712
1.62861E+12,471
1.62861E+12,638
1.62861E+12,643
1.62861E+12,512
1.62861E+12,656
1.62861E+12,587
1.62861E+12,528
1.62861E+12,505
1.62861E+12,697
1.62861E+12,488
1.62861E+12,504
1.62861E+12,607
1.62861E+12,635
1.62861E+12,690
1.62861E+12,453
1.62861E+12,485
1.62861E+12,557
1.62861E+12,618
1.62861E+12,702
1.62861E+12,759
1.62861E+12,744
1.62861E+12,541
1.62861E+12,679
1.62861E+12,590
1.62861E+12,522
1.62861E+12,523
1.62861E+12,515
1.62861E+12,603
1.62861E+12,565
1.62861E+12,595
1.62861E+12,697
1.62861E+12,552
1.62861E+12,723
1.62861E+12,711
1.62861E+12,639
1.62861E+12,627
1.62861E+12,709
1.62861E+12,575
1.62861E+12,631
1.62861E+12,650
1.62861E+12,615
1.62861E+12,635
1.62861E+12,635
1.62861E+12,565
1.62861E+12,681
1.62861E+12,533
1.62861E+12,682
1.62861E+12,732
1.62861E+12,734
1.62861E+12,464
1.62861E+12,582
1.62861E+12,610
1.62861E+12,617
1.62861E+12,642
1.62861E+12,750
1.62861E+12,635
1.62861E+12,815
1.62861E+12,638
1.62861E+12,522
1.62861E+12,493
1.62861E+12,495
1.62861E+12,562
1.62861E+12,509
1.62861E+12,454
1.62861E+12,561
1.62861E+12,461
1.62861E+12,740
1.62861E+12,656
1.62861E+12,554
1.62861E+12,805
1.62861E+12,608
1.62861E+12,596
1.62861E+12,744
1.62861E+12,625
1.62861E+12,539
1.62861E+12,594
1.62861E+12,442
1.62861E+12,638
1.62861E+12,665
1.62861E+12,487
1.62861E+12,675
1.62861E+12,718
1.62861E+12,665
1.62861E+12,829
1.62861E+12,672
1.62861E+12,648
1.62861E+12,674
1.62861E+12,503
1.62861E+12,692
1.62861E+12,498
1.62861E+12,571
1.62861E+12,657
1.62861E+12,627
1.62861E+12,582
1.62861E+12,693
1.62861E+12,597
1.62861E+12,684
1.62861E+12,687
1.62861E+12,488
1.62861E+12,654
1.62861E+12,520
1.62861E+12,569
1.62861E+12,577
1.62861E+12,572
1.62861E+12,576
1.62861E+12,552
1.62861E+12,585
1.62861E+12,448
1.62861E+12,581
1.62861E+12,571
1.62861E+12,799
1.62861E+12,556
1.62861E+12,745
1.62861E+12,470
1.62861E+12,423
1.62861E+12,564
1.62861E+12,457
1.62861E+12,527
1.62861E+12,448
1.62861E+12,421
1.62861E+12,526
1.62861E+12,556
1.62861E+12,535
1.62861E+12,594
1.62861E+12,384
1.62861E+12,510
1.62861E+12,475
1.62861E+12,641
1.62861E+12,459
1.62861E+12,504
1.62861E+12,499
1.62861E+12,642
1.62861E+12,494
1.62861E+12,508
1.62861E+12,545
1.62861E+12,546
1.62861E+12,602
1.62861E+12,614
1.62861E+12,465
1.62861E+12,541
1.62861E+12,585
1.62861E+12,625
1.62861E+12,471
1.62861E+12,638
1.62861E+12,642
1.62861E+12,541
1.62861E+12,540
1.62861E+12,526
1.62861E+12,440
1.62861E+12,606
1.62861E+12,554
1.62861E+12,604
1.62861E+12,639
1.62861E+12,615
1.62861E+12,561
1.62861E+12,778
1.62861E+12,727
1.62861E+12,545
1.62861E+12,670
1.62861E+12,583
1.62861E+12,446
1.62861E+12,599
1.62861E+12,558
1.62861E+12,562
1.62861E+12,492
1.62861E+12,658
1.62861E+12,559
1.62861E+12,530
1.62861E+12,642
1.62861E+12,601
1.62861E+12,459
1.62861E+12,745
1.62861E+12,393
1.62861E+12,539
1.62861E+12,735
1.62861E+12,528
1.62861E+12,529
1.62861E+12,538
1.62861E+12,739
1.62861E+12,787
1.62861E+12,657
1.62861E+12,681
1.62861E+12,466
1.62861E+12,520
1.62861E+12,733
1.62861E+12,631
1.62861E+12,716
1.62861E+12,738
1.62861E+12,500
1.62861E+12,636
1.62861E+12,544
1.62861E+12,691
1.62861E+12,619
1.62861E+12,589
1.62861E+12,773
1.62861E+12,502
1.62861E+12,597
1.62861E+12,758
1.62861E+12,518
1.62861E+12,594
1.62861E+12,365
1.62861E+12,541
1.62861E+12,572
1.62861E+12,558
1.62861E+12,545
1.62861E+12,512
1.62861E+12,644
1.62861E+12,435
1.62861E+12,446
1.62861E+12,402
1.62861E+12,537
1.62861E+12,577
1.62861E+12,965
1.62861E+12,757
1.62861E+12,489
1.62861E+12,467
1.62861E+12,476
1.62861E+12,541
1.62861E+12,716
1.62861E+12,378
1.62861E+12,618
1.62861E+12,484
1.62861E+12,614
1.62861E+12,542
1.62861E+12,466
1.62861E+12,444
1.62861E+12,610
1.62861E+12,402
1.62861E+12,624
1.62861E+12,559
1.62861E+12,563
1.62861E+12,521
1.62861E+12,732
1.62861E+12,559
1.62861E+12,343
1.62861E+12,608
1.62861E+12,736
1.62861E+12,576
1.62861E+12,654
1.62861E+12,620
1.62861E+12,473
1.62861E+12,577
1.62861E+12,665
1.62861E+12,552
1.62861E+12,612
1.62861E+12,540
1.62861E+12,455
1.62861E+12,652
1.62861E+12,665
1.62861E+12,702
1.62861E+12,663
1.62861E+12,603
1.62861E+12,853
1.62861E+12,603
1.62861E+12,707
1.62861E+12,633
1.62861E+12,667
1.62861E+12,543
1.62861E+12,450
1.62861E+12,568
1.62861E+12,522
1.62861E+12,509
1.62861E+12,527
1.62861E+12,510
1.62861E+12,520
1.62861E+12,581
1.62861E+12,470
1.62861E+12,698
1.62861E+12,499
1.62861E+12,580
1.62861E+12,487
1.62861E+12,644
1.62861E+12,451
1.62861E+12,464
1.62861E+12,604
1.62861E+12,652
1.62861E+12,566
1.62861E+12,465
1.62861E+12,523
1.62861E+12,516
1.62861E+12,540
1.62861E+12,739
1.62861E+12,502
1.62861E+12,717
1.62861E+12,345
1.62861E+12,365
1.62861E+12,521
1.62861E+12,458
1.62861E+12,487
1.62861E+12,530
1.62861E+12,440
1.62861E+12,667
1.62861E+12,783
1.62861E+12,437
1.62861E+12,555
1.62861E+12,591
1.62861E+12,371
1.62861E+12,398
1.62861E+12,633
1.62861E+12,542
1.62861E+12,568
1.62861E+12,544
1.62861E+12,408
1.62861E+12,581
1.62861E+12,689
1.62861E+12,555
1.62861E+12,364
1.62861E+12,503
1.62861E+12,422
1.62861E+12,457
1.62861E+12,556
1.62861E+12,490
1.62861E+12,619
1.62861E+12,577
1.62861E+12,533
1.62861E+12,461
1.62861E+12,451
1.62861E+12,630
1.62861E+12,519
1.62861E+12,419
1.62861E+12,539
1.62861E+12,546
1.62861E+12,546
1.62861E+12,536
1.62861E+12,558
1.62861E+12,622
1.62861E+12,583
1.62861E+12,508
1.62861E+12,589
1.62861E+12,618
1.62861E+12,509
1.62861E+12,504
1.62861E+12,542
1.62861E+12,554
1.62861E+12,510
1.62861E+12,563
1.62861E+12,572
1.62861E+12,640
1.62861E+12,639
1.62861E+12,658
1.62861E+12,610
1.62861E+12,645
1.62861E+12,647
1.62861E+12,658
1.62861E+12,532
1.62861E+12,704
1.62861E+12,758
1.62861E+12,717
1.62861E+12,523
1.62861E+12,560
1.62861E+12,554
1.62861E+12,657
1.62861E+12,591
1.62861E+12,666
1.62861E+12,679
1.62861E+12,700
1.62861E+12,483
1.62861E+12,647
1.62861E+12,606
1.62861E+12,582
1.62861E+12,618
1.62861E+12,614
1.62861E+12,661
1.62861E+12,646
1.62861E+12,674
1.62861E+12,628
1.62861E+12,621
1.62861E+12,427
1.62861E+12,556
1.62861E+12,586
1.62861E+12,760
1.62861E+12,623
1.62861E+12,560
1.62861E+12,548
1.62861E+12,502
1.62861E+12,463
1.62861E+12,650
1.62861E+12,432
1.62861E+12,551
1.62861E+12,475
1.62861E+12,701
1.62861E+12,424
1.62861E+12,549
1.62861E+12,683
1.62861E+12,720
1.62861E+12,473
1.62861E+12,436
1.62861E+12,598
1.62861E+12,699
1.62861E+12,420
1.62861E+12,534
1.62861E+12,555
1.62861E+12,455
1.62861E+12,516
1.62861E+12,517
1.62861E+12,444
1.62861E+12,475
1.62861E+12,355
1.62861E+12,527
1.62861E+12,534
1.62861E+12,544
1.62861E+12,557
1.62861E+12,704
1.62861E+12,379
1.62861E+12,460
1.62861E+12,610
1.62861E+12,573
1.62861E+12,455
1.62861E+12,462
1.62861E+12,542
1.62861E+12,719
1.62861E+12,584
1.62861E+12,672
1.62861E+12,727
1.62861E+12,693
1.62861E+12,696
1.62861E+12,745
1.62861E+12,530
1.62861E+12,641
1.62861E+12,642
1.62861E+12,505
1.62861E+12,626
1.62861E+12,627
1.62861E+12,753
1.62861E+12,600
1.62861E+12,623
1.62861E+12,659
1.62861E+12,448
1.62861E+12,662
1.62861E+12,611
1.62861E+12,676
1.62861E+12,685
1.62861E+12,647
1.62861E+12,601
1.62861E+12,769
1.62861E+12,684
1.62861E+12,644
1.62861E+12,631
1.62861E+12,638
1.62861E+12,535
1.62861E+12,642
1.62861E+12,505
1.62861E+12,683
1.62861E+12,675
1.62861E+12,675
1.62861E+12,535
1.62861E+12,513
1.62861E+12,660
1.62861E+12,607
1.62861E+12,474
1.62861E+12,553
1.62861E+12,621
1.62861E+12,752
1.62861E+12,765
1.62861E+12,401
1.62861E+12,524
1.62861E+12,756
1.62861E+12,616
1.62861E+12,896
1.62861E+12,890
1.62861E+12,594
1.62861E+12,457
1.62861E+12,658
1.62861E+12,581
1.62861E+12,775
1.62861E+12,591
1.62861E+12,697
1.62861E+12,677
1.62861E+12,412
1.62861E+12,610
1.62861E+12,939
1.62861E+12,598
1.62861E+12,499
1.62861E+12,583
1.62861E+12,616
1.62861E+12,588
1.62861E+12,614
1.62861E+12,533
1.62861E+12,553
1.62861E+12,493
1.62861E+12,494
1.62861E+12,572
1.62861E+12,583
1.62861E+12,452
1.62861E+12,657
1.62861E+12,572
1.62861E+12,554
1.62861E+12,522
1.62861E+12,464
1.62861E+12,345
1.62861E+12,448
1.62861E+12,645
1.62861E+12,425
1.62861E+12,573
1.62861E+12,533
1.62861E+12,540
1.62861E+12,579
1.62861E+12,529
1.62861E+12,549
1.62861E+12,668
1.62861E+12,491
1.62861E+12,557
1.62861E+12,537
1.62861E+12,476
1.62861E+12,574
1.62861E+12,668
1.62861E+12,402
1.62861E+12,587
1.62861E+12,394
1.62861E+12,661
1.62861E+12,499
1.62861E+12,404
1.62861E+12,590
1.62861E+12,590
1.62861E+12,475
1.62861E+12,318
1.62861E+12,407
1.62861E+12,552
1.62861E+12,511
1.62861E+12,423
1.62861E+12,668
1.62861E+12,496
1.62861E+12,428
1.62861E+12,684
1.62861E+12,427
1.62861E+12,543
1.62861E+12,675
1.62861E+12,657
1.62861E+12,520
1.62861E+12,597
1.62861E+12,662
1.62861E+12,670
1.62861E+12,604
1.62861E+12,506
1.62861E+12,665
1.62861E+12,627
1.62861E+12,432
1.62861E+12,628
1.62861E+12,724
1.62861E+12,631
1.62861E+12,734
1.62861E+12,557
1.62861E+12,679
1.62861E+12,541
1.62861E+12,554
1.62861E+12,725
1.62861E+12,646
1.62861E+12,602
1.62861E+12,767
1.62861E+12,650
1.62861E+12,659
1.62861E+12,664
1.62861E+12,547
1.62861E+12,562
1.62861E+12,696
1.62861E+12,567
1.62861E+12,741
1.62861E+12,621
1.62861E+12,708
1.62861E+12,740
1.62861E+12,638
1.62861E+12,651
1.62861E+12,664
1.62861E+12,721
1.62861E+12,500
1.62861E+12,617
1.62861E+12,650
1.62861E+12,645
1.62861E+12,749
1.62861E+12,705
1.62861E+12,657
1.62861E+12,633
1.62861E+12,664
1.62861E+12,757
1.62861E+12,650
1.62861E+12,784
1.62861E+12,502
1.62861E+12,568
1.62861E+12,483
1.62861E+12,595
1.62861E+12,616
1.62861E+12,594
1.62861E+12,589
1.62861E+12,471
1.62861E+12,526
1.62861E+12,486
1.62861E+12,549
1.62861E+12,614
1.62861E+12,582
1.62861E+12,472
1.62861E+12,735
1.62861E+12,550
1.62861E+12,551
1.62861E+12,550
1.62861E+12,617
1.62861E+12,667
1.62861E+12,556
1.62861E+12,563
1.62861E+12,566
1.62861E+12,485
1.62861E+12,635
1.62861E+12,538
1.62861E+12,472
1.62861E+12,514
1.62861E+12,533
1.62861E+12,546
1.62861E+12,620
1.62861E+12,543
1.62861E+12,547
1.62861E+12,397
1.62861E+12,442
1.62861E+12,610
1.62861E+12,538
1.62861E+12,598
1.62861E+12,800
1.62861E+12,610
1.62861E+12,604
1.62861E+12,743
1.62861E+12,532
1.62861E+12,562
1.62861E+12,608
1.62861E+12,558
1.62861E+12,570
1.62861E+12,462
1.62861E+12,474
1.62861E+12,622
1.62861E+12,543
1.62861E+12,619
1.62861E+12,526
1.62861E+12,477
1.62861E+12,429
1.62861E+12,513
1.62861E+12,525
1.62861E+12,652
1.62861E+12,631
1.62861E+12,486
1.62861E+12,404
1.62861E+12,501
1.62861E+12,650
1.62861E+12,549
1.62861E+12,542
1.62861E+12,637
1.62861E+12,456
1.62861E+12,578
1.62861E+12,634
1.62861E+12,586
1.62861E+12,605
1.62861E+12,592
1.62861E+12,593
1.62861E+12,612
1.62861E+12,631
1.62861E+12,622
1.62861E+12,498
1.62861E+12,634
1.62861E+12,665
1.62861E+12,675
1.62861E+12,664
1.62861E+12,645
1.62861E+12,737
1.62861E+12,802
1.62861E+12,535
1.62861E+12,611
1.62861E+12,588
1.62861E+12,585
1.62861E+12,564
1.62861E+12,616
1.62861E+12,465
1.62861E+12,601
1.62861E+12,583
1.62861E+12,523
1.62861E+12,604
1.62861E+12,616
1.62861E+12,576
1.62861E+12,672
1.62861E+12,630
1.62861E+12,476
1.62861E+12,575
1.62861E+12,519
1.62861E+12,566
1.62861E+12,835
1.62861E+12,685
1.62861E+12,444
1.62861E+12,623
1.62861E+12,679
1.62861E+12,531
1.62861E+12,505
1.62861E+12,592
1.62861E+12,464
1.62861E+12,499
1.62861E+12,425
1.62861E+12,452
1.62861E+12,459
1.62861E+12,483
1.62861E+12,571
1.62861E+12,628
1.62861E+12,576
1.62861E+12,572
1.62861E+12,574
1.62861E+12,431
1.62861E+12,663
1.62861E+12,484
1.62861E+12,590
1.62861E+12,552
1.62861E+12,454
1.62861E+12,526
1.62861E+12,592
1.62861E+12,482
1.62861E+12,645
1.62861E+12,635
1.62861E+12,486
1.62861E+12,547
1.62861E+12,687
1.62861E+12,556
1.62861E+12,480
1.62861E+12,496
1.62861E+12,497
1.62861E+12,421
1.62861E+12,663
1.62861E+12,576
1.62861E+12,604
1.62861E+12,613
1.62861E+12,582
1.62861E+12,708
1.62861E+12,522
1.62861E+12,694
1.62861E+12,636
1.62861E+12,701
1.62861E+12,508
1.62861E+12,677
1.62861E+12,710
1.62861E+12,779
1.62861E+12,416
1.62861E+12,578
1.62861E+12,540
1.62861E+12,609
1.62861E+12,687
1.62861E+12,599
1.62861E+12,540
1.62861E+12,577
1.62861E+12,659
1.62861E+12,505
1.62861E+12,794
1.62861E+12,524
1.62861E+12,650
1.62861E+12,544
1.62861E+12,545
1.62861E+12,475
1.62861E+12,667
1.62861E+12,382
1.62861E+12,450
1.62861E+12,489
1.62861E+12,528
1.62861E+12,491
1.62861E+12,907
1.62861E+12,568
1.62861E+12,467
1.62861E+12,603
1.62861E+12,586
1.62861E+12,714
1.62861E+12,478
1.62861E+12,629
1.62861E+12,584
1.62861E+12,631
1.62861E+12,801
1.62861E+12,586
1.62861E+12,633
1.62861E+12,603
1.62861E+12,636
1.62861E+12,593
1.62861E+12,381
1.62861E+12,645
1.62861E+12,598
1.62861E+12,382
1.62861E+12,439
1.62861E+12,660
1.62861E+12,638
1.62861E+12,614
1.62861E+12,532
1.62861E+12,655
1.62861E+12,633
1.62861E+12,585
1.62861E+12,473
1.62861E+12,499
1.62861E+12,726
1.62861E+12,555
1.62861E+12,540
1.62861E+12,711
1.62861E+12,675
1.62861E+12,554
1.62861E+12,474
1.62861E+12,513
1.62861E+12,578
1.62861E+12,380
1.62861E+12,460
1.62861E+12,458
1.62861E+12,603
1.62861E+12,609
1.62861E+12,658
1.62861E+12,484
1.62861E+12,672
1.62861E+12,540
1.62861E+12,682
1.62861E+12,785
1.62861E+12,487
1.62861E+12,689
1.62861E+12,699
1.62861E+12,729
1.62861E+12,437
1.62861E+12,588
1.62861E+12,593
1.62861E+12,542
1.62861E+12,576
1.62861E+12,548
1.62861E+12,818
1.62861E+12,456
1.62861E+12,551
1.62861E+12,552
1.62861E+12,486
1.62861E+12,472
1.62861E+12,663
1.62861E+12,720
1.62861E+12,532
1.62861E+12,505
1.62861E+12,491
1.62861E+12,665
1.62861E+12,578
1.62861E+12,499
1.62861E+12,570
1.62861E+12,574
1.62861E+12,500
1.62861E+12,576
1.62861E+12,477
1.62861E+12,479
1.62861E+12,732
1.62861E+12,558
1.62861E+12,672
1.62861E+12,633
1.62861E+12,460
1.62861E+12,481
1.62861E+12,525
1.62861E+12,605
1.62861E+12,713
1.62861E+12,380
1.62861E+12,845
1.62861E+12,687
1.62861E+12,760
1.62861E+12,807
1.62861E+12,494
1.62861E+12,630
1.62861E+12,594
1.62861E+12,574
1.62861E+12,498
1.62861E+12,549
1.62861E+12,485
1.62861E+12,701
1.62861E+12,758
1.62861E+12,689
1.62861E+12,579
1.62861E+12,558
1.62861E+12,654
1.62861E+12,692
1.62861E+12,469
1.62861E+12,582
1.62861E+12,533
1.62861E+12,570
1.62861E+12,537
1.62861E+12,644
1.62861E+12,664
1.62861E+12,529
1.62861E+12,565
1.62861E+12,404
1.62861E+12,517
1.62861E+12,599
1.62861E+12,590
1.62861E+12,559
1.62861E+12,565
1.62861E+12,564
1.62861E+12,700
1.62861E+12,584
1.62861E+12,470
1.62861E+12,502
1.62861E+12,557
1.62861E+12,467
1.62861E+12,412
1.62861E+12,450
1.62861E+12,488
1.62861E+12,680
1.62861E+12,602
1.62861E+12,419
1.62861E+12,629
1.62861E+12,564
1.62861E+12,438
1.62861E+12,454
1.62861E+12,409
1.62861E+12,937
1.62861E+12,435
1.62861E+12,590
1.62861E+12,483
1.62861E+12,475
1.62861E+12,541
1.62861E+12,547
1.62861E+12,567
1.62861E+12,472
1.62861E+12,636
1.62861E+12,549
1.62861E+12,570
1.62861E+12,507
1.62861E+12,414
1.62861E+12,447
1.62861E+12,453
1.62861E+12,544
1.62861E+12,593
1.62861E+12,615
1.62861E+12,478
1.62861E+12,619
1.62861E+12,559
1.62861E+12,458
1.62861E+12,605
1.62861E+12,508
1.62861E+12,496
1.62861E+12,504
1.62861E+12,524
1.62861E+12,559
1.62861E+12,567
1.62861E+12,628
1.62861E+12,419
1.62861E+12,590
1.62861E+12,486
1.62861E+12,635
1.62861E+12,597
1.62861E+12,662
1.62861E+12,666
1.62861E+12,521
1.62861E+12,653
1.62861E+12,584
1.62861E+12,561
1.62861E+12,692
1.62861E+12,430
1.62861E+12,372
1.62861E+12,612
1.62861E+12,579
1.62861E+12,505
1.62861E+12,642
1.62861E+12,676
1.62861E+12,641
1.62861E+12,665
1.62861E+12,607
1.62861E+12,741
1.62861E+12,733
1.62861E+12,482
1.62861E+12,667
1.62861E+12,724
1.62861E+12,679
1.62861E+12,715
1.62861E+12,645
1.62861E+12,705
1.62861E+12,613
1.62861E+12,594
1.62861E+12,490
1.62861E+12,744
1.62861E+12,813
1.62861E+12,615
1.62861E+12,576
1.62861E+12,784
1.62861E+12,699
1.62861E+12,629
1.62861E+12,571
1.62861E+12,608
1.62861E+12,376
1.62861E+12,613
1.62861E+12,410
1.62861E+12,612
1.62861E+12,414
1.62861E+12,651
1.62861E+12,456
1.62861E+12,609
1.62861E+12,654
1.62861E+12,543
1.62861E+12,573
1.62861E+12,577
1.62861E+12,426
1.62861E+12,415
1.62861E+12,522
1.62861E+12,453
1.62861E+12,628
1.62861E+12,458
1.62861E+12,567
1.62861E+12,584
1.62861E+12,590
1.62861E+12,420
1.62861E+12,527
1.62861E+12,429
1.62861E+12,559
1.62861E+12,531
1.62861E+12,464
1.62861E+12,549
1.62861E+12,809
1.62861E+12,481
1.62861E+12,548
1.62861E+12,538
1.62861E+12,629
1.62861E+12,670
1.62861E+12,600
1.62861E+12,657
1.62861E+12,609
1.62861E+12,519
1.62861E+12,356
1.62861E+12,599
1.62861E+12,616
1.62861E+12,635
1.62861E+12,590
1.62861E+12,666
1.62861E+12,557
1.62861E+12,578
1.62861E+12,555
1.62861E+12,478
1.62861E+12,557
1.62861E+12,687
1.62861E+12,628
1.62861E+12,763
1.62861E+12,551
1.62861E+12,461
1.62861E+12,579
1.62861E+12,539
1.62861E+12,677
1.62861E+12,773
1.62861E+12,625
1.62861E+12,522
1.62861E+12,533
1.62861E+12,662
1.62861E+12,514
1.62861E+12,595
1.62861E+12,481
1.62861E+12,498
1.62861E+12,634
1.62861E+12,386
1.62861E+12,402
1.62861E+12,618
1.62861E+12,646
1.62861E+12,733
1.62861E+12,550
1.62861E+12,467
1.62861E+12,683
1.62861E+12,684
1.62861E+12,584
1.62861E+12,528
1.62861E+12,582
1.62861E+12,436
1.62861E+12,828
1.62861E+12,578
1.62861E+12,599
1.62861E+12,651
1.62861E+12,754
1.62861E+12,593
1.62861E+12,630
1.62861E+12,561
1.62861E+12,389
1.62861E+12,524
1.62861E+12,538
1.62861E+12,665
1.62861E+12,667
1.62861E+12,565
1.62861E+12,538
1.62861E+12,541
1.62861E+12,576
1.62861E+12,667
1.62861E+12,565
1.62861E+12,459
1.62861E+12,579
1.62861E+12,740
1.62861E+12,561
1.62861E+12,1006
1.62861E+12,460
1.62861E+12,532
1.62861E+12,771
1.62861E+12,583
1.62861E+12,502
1.62861E+12,654
1.62861E+12,564
1.62861E+12,672
1.62861E+12,533
1.62861E+12,548
1.62861E+12,555
1.62861E+12,654
1.62861E+12,533
1.62861E+12,607
1.62861E+12,394
1.62861E+12,498
1.62861E+12,582
1.62861E+12,493
1.62861E+12,542
1.62861E+12,506
1.62861E+12,780
1.62861E+12,552
1.62861E+12,796
1.62861E+12,644
1.62861E+12,647
1.62861E+12,436
1.62861E+12,444
1.62861E+12,528
1.62861E+12,545
1.62861E+12,470
1.62861E+12,652
1.62861E+12,569
1.62861E+12,630
1.62861E+12,551
1.62861E+12,406
1.62861E+12,643
1.62861E+12,468
1.62861E+12,589
1.62861E+12,506
1.62861E+12,533
1.62861E+12,478
1.62861E+12,644
1.62861E+12,588
1.62861E+12,542
1.62861E+12,514
1.62861E+12,640
1.62861E+12,592
1.62861E+12,597
1.62861E+12,602
1.62861E+12,597
1.62861E+12,648
1.62861E+12,534
1.62861E+12,632
1.62861E+12,481
1.62861E+12,504
1.62861E+12,653
1.62861E+12,630
1.62861E+12,516
1.62861E+12,352
1.62861E+12,726
1.62861E+12,675
1.62861E+12,524
1.62861E+12,453
1.62861E+12,703
1.62861E+12,586
1.62861E+12,535
1.62861E+12,553
1.62861E+12,783
1.62861E+12,536
1.62861E+12,395
1.62861E+12,582
1.62861E+12,590
1.62861E+12,655
1.62861E+12,445
1.62861E+12,446
1.62861E+12,562
1.62861E+12,657
1.62861E+12,558
1.62861E+12,360
1.62861E+12,665
1.62861E+12,539
1.62861E+12,523
1.62861E+12,590
1.62861E+12,594
1.62861E+12,575
1.62861E+12,584
1.62861E+12,781
1.62861E+12,393
1.62861E+12,684
1.62861E+12,514
1.62861E+12,569
1.62861E+12,575
1.62861E+12,646
1.62861E+12,682
1.62861E+12,462
1.62861E+12,614
1.62861E+12,704
1.62861E+12,514
1.62861E+12,544
1.62861E+12,553
1.62861E+12,556
1.62861E+12,362
1.62861E+12,738
1.62861E+12,438
1.62861E+12,573
1.62861E+12,544
1.62861E+12,313
1.62861E+12,507
1.62861E+12,481
1.62861E+12,701
1.62861E+12,614
1.62861E+12,548
1.62861E+12,419
1.62861E+12,653
1.62861E+12,564
1.62861E+12,630
1.62861E+12,457
1.62861E+12,582
1.62861E+12,579
1.62861E+12,635
1.62861E+12,479
1.62861E+12,710
1.62861E+12,626
1.62861E+12,617
1.62861E+12,575
1.62861E+12,491
1.62861E+12,545
1.62861E+12,500
1.62861E+12,535
1.62861E+12,562
1.62861E+12,568
1.62861E+12,540
1.62861E+12,483
1.62861E+12,588
1.62861E+12,468
1.62861E+12,484
1.62861E+12,593
1.62861E+12,352
1.62861E+12,609
1.62861E+12,508
1.62861E+12,572
1.62861E+12,583
1.62861E+12,582
1.62861E+12,540
1.62861E+12,410
1.62861E+12,578
1.62861E+12,491
1.62861E+12,640
1.62861E+12,470
1.62861E+12,443
1.62861E+12,625
1.62861E+12,663
1.62861E+12,622
1.62861E+12,743
1.62861E+12,647
1.62861E+12,621
1.62861E+12,560
1.62861E+12,450
1.62861E+12,544
1.62861E+12,657
1.62861E+12,444
1.62861E+12,424
1.62861E+12,486
1.62861E+12,540
1.62861E+12,453
1.62861E+12,465
1.62861E+12,710
1.62861E+12,751
1.62861E+12,849
1.62861E+12,539
1.62861E+12,544
1.62861E+12,440
1.62861E+12,535
1.62861E+12,560
1.62861E+12,637
1.62861E+12,481
1.62861E+12,451
1.62861E+12,497
1.62861E+12,541
1.62861E+12,795
1.62861E+12,491
1.62861E+12,553
1.62861E+12,565
1.62861E+12,641
1.62861E+12,573
1.62861E+12,611
1.62861E+12,472
1.62861E+12,425
1.62861E+12,554
1.62861E+12,643
1.62861E+12,418
1.62861E+12,390
1.62861E+12,571
1.62861E+12,548
1.62861E+12,478
1.62861E+12,474
1.62861E+12,596
1.62861E+12,656
1.62861E+12,496
1.62861E+12,684
1.62861E+12,803
1.62861E+12,626
1.62861E+12,878
1.62861E+12,831
1.62861E+12,1003
1.62861E+12,1108
1.62861E+12,1020
1.62861E+12,1075
1.62861E+12,1102
1.62861E+12,1119
1.62861E+12,1214
1.62861E+12,1266
1.62861E+12,1159
1.62861E+12,937
1.62861E+12,1431
1.62861E+12,1318
1.62861E+12,1141
1.62861E+12,1334
1.62861E+12,1413
1.62861E+12,1290
1.62861E+12,1414
1.62861E+12,1228
1.62861E+12,1387
1.62861E+12,1252
1.62861E+12,1011
1.62861E+12,1043
1.62861E+12,1253
1.62861E+12,1424
1.62861E+12,1113
1.62861E+12,1151
1.62861E+12,1279
1.62861E+12,1455
1.62861E+12,1504
1.62861E+12,1361
1.62861E+12,1031
1.62861E+12,1234
1.62861E+12,1135
1.62861E+12,1189
1.62861E+12,1156
1.62861E+12,1217
1.62861E+12,1026
1.62861E+12,1087
1.62861E+12,1312
1.62861E+12,1116
1.62861E+12,1092
1.62861E+12,570
1.62861E+12,1154
1.62861E+12,1173
1.62861E+12,1115
1.62861E+12,1046
1.62861E+12,855
1.62861E+12,1134
1.62861E+12,1060
1.62861E+12,1071
1.62861E+12,402
1.62861E+12,923
1.62861E+12,803
1.62861E+12,389
1.62861E+12,501
1.62861E+12,432
1.62861E+12,500
1.62861E+12,686
1.62861E+12,802
1.62861E+12,500
1.62861E+12,559
1.62861E+12,505
1.62861E+12,561
1.62861E+12,659
1.62861E+12,604
1.62861E+12,708
1.62861E+12,534
1.62861E+12,598
1.62861E+12,653
1.62861E+12,567
1.62861E+12,619
1.62861E+12,621
1.62861E+12,566
1.62861E+12,664
1.62861E+12,558
1.62861E+12,601
1.62861E+12,708
1.62861E+12,961
1.62861E+12,726
1.62861E+12,573
1.62861E+12,623
1.62861E+12,719
1.62861E+12,705
1.62861E+12,679
1.62861E+12,754
1.62861E+12,717
1.62861E+12,525
1.62861E+12,886
1.62861E+12,772
1.62861E+12,784
1.62861E+12,799
1.62861E+12,651
1.62861E+12,761
1.62861E+12,646
1.62861E+12,883
1.62861E+12,754
1.62861E+12,823
1.62861E+12,907
1.62861E+12,817
1.62861E+12,507
1.62861E+12,446
1.62861E+12,854
1.62861E+12,670
1.62861E+12,558
1.62861E+12,842
1.62861E+12,505
1.62861E+12,844
1.62861E+12,483
1.62861E+12,592
1.62861E+12,621
1.62861E+12,446
1.62861E+12,503
1.62861E+12,697
1.62861E+12,488
1.62861E+12,693
1.62861E+12,946
1.62861E+12,609
1.62861E+12,703
1.62861E+12,585
1.62861E+12,484
1.62861E+12,454
1.62861E+12,574
1.62861E+12,594
1.62861E+12,685
1.62861E+12,608
1.62861E+12,589
1.62861E+12,926
1.62861E+12,316
1.62861E+12,491
1.62861E+12,805
1.62861E+12,507
1.62861E+12,514
1.62861E+12,682
1.62861E+12,569
1.62861E+12,777
1.62861E+12,689
1.62861E+12,554
1.62861E+12,575
1.62861E+12,555
1.62861E+12,557
1.62861E+12,416
1.62861E+12,596
1.62861E+12,421
1.62861E+12,451
1.62861E+12,481
1.62861E+12,539
1.62861E+12,470
1.62861E+12,399
1.62861E+12,577
1.62861E+12,581
1.62861E+12,547
1.62861E+12,716
1.62861E+12,507
1.62861E+12,571
1.62861E+12,644
1.62861E+12,531
1.62861E+12,582
1.62861E+12,625
1.62861E+12,600
1.62861E+12,606
1.62861E+12,578
1.62861E+12,830
1.62861E+12,597
1.62861E+12,453
1.62861E+12,559
1.62861E+12,645
1.62861E+12,610
1.62861E+12,567
1.62861E+12,678
1.62861E+12,559
1.62861E+12,716
1.62861E+12,637
1.62861E+12,666
1.62861E+12,674
1.62861E+12,539
1.62861E+12,530
1.62861E+12,506
1.62861E+12,481
1.62861E+12,658
1.62861E+12,579
1.62861E+12,622
1.62861E+12,579
1.62861E+12,605
1.62861E+12,461
1.62861E+12,585
1.62861E+12,665
1.62861E+12,512
1.62861E+12,495
1.62861E+12,972
1.62861E+12,502
1.62861E+12,635
1.62861E+12,670
1.62861E+12,560
1.62861E+12,464
1.62861E+12,618
1.62861E+12,377
1.62861E+12,561
1.62861E+12,570
1.62861E+12,373
1.62861E+12,360
1.62861E+12,552
1.62861E+12,649
1.62861E+12,606
1.62861E+12,561
1.62861E+12,514
1.62861E+12,474
1.62861E+12,555
1.62861E+12,427
1.62861E+12,664
1.62861E+12,680
1.62861E+12,613
1.62861E+12,542
1.62861E+12,314
1.62861E+12,448
1.62861E+12,663
1.62861E+12,507
1.62861E+12,387
1.62861E+12,580
1.62861E+12,531
1.62861E+12,527
1.62861E+12,541
1.62861E+12,540
1.62861E+12,475
1.62861E+12,502
1.62861E+12,518
1.62861E+12,519
1.62861E+12,471
1.62861E+12,533
1.62861E+12,699
1.62861E+12,490
1.62861E+12,392
1.62861E+12,658
1.62861E+12,616
1.62861E+12,404
1.62861E+12,621
1.62861E+12,594
1.62861E+12,531
1.62861E+12,498
1.62861E+12,573
1.62861E+12,502
1.62861E+12,394
1.62861E+12,318
1.62861E+12,439
1.62861E+12,492
1.62861E+12,601
1.62861E+12,589
1.62861E+12,565
1.62861E+12,544
1.62861E+12,557
1.62861E+12,607
1.62861E+12,564
1.62861E+12,553
1.62861E+12,468
1.62861E+12,633
1.62861E+12,676
1.62861E+12,481
1.62861E+12,584
1.62861E+12,553
1.62861E+12,557
1.62861E+12,695
1.62861E+12,567
1.62861E+12,598
1.62861E+12,544
1.62861E+12,551
1.62861E+12,466
1.62861E+12,490
1.62861E+12,584
1.62861E+12,614
1.62861E+12,539
1.62861E+12,625
1.62861E+12,640
1.62861E+12,465
1.62861E+12,648
1.62861E+12,669
1.62861E+12,537
1.62861E+12,668
1.62861E+12,641
1.62861E+12,813
1.62861E+12,533
1.62861E+12,599
1.62861E+12,445
1.62861E+12,462
1.62861E+12,374
1.62861E+12,438
1.62861E+12,638
1.62861E+12,700
1.62861E+12,458
1.62861E+12,777
1.62861E+12,313
1.62861E+12,502
1.62861E+12,620
1.62861E+12,586
1.62861E+12,621
1.62861E+12,539
1.62861E+12,460
1.62861E+12,737
1.62861E+12,546
1.62861E+12,532
1.62861E+12,629
1.62861E+12,623
1.62861E+12,503
1.62861E+12,501
1.62861E+12,557
1.62861E+12,836
1.62861E+12,775
1.62861E+12,510
1.62861E+12,488
1.62861E+12,642
1.62861E+12,533
1.62861E+12,595
1.62861E+12,597
1.62861E+12,579
1.62861E+12,563
1.62861E+12,606
1.62861E+12,619
1.62861E+12,563
1.62861E+12,586
1.62861E+12,563
1.62861E+12,704
1.62861E+12,588
1.62861E+12,661
1.62861E+12,549
1.62861E+12,643
1.62861E+12,304
1.62861E+12,376
1.62861E+12,665
1.62861E+12,653
1.62861E+12,445
1.62861E+12,755
1.62861E+12,573
1.62861E+12,653
1.62861E+12,691
1.62861E+12,713
1.62861E+12,663
1.62861E+12,727
1.62861E+12,675
1.62861E+12,638
1.62861E+12,528
1.62861E+12,752
1.62861E+12,589
1.62861E+12,608
1.62861E+12,483
1.62861E+12,537
1.62861E+12,850
1.62861E+12,805
1.62861E+12,734
1.62861E+12,637
1.62861E+12,576
1.62861E+12,592
1.62861E+12,522
1.62861E+12,524
1.62861E+12,751
1.62861E+12,517
1.62861E+12,764
1.62861E+12,531
1.62861E+12,503
1.62861E+12,506
1.62861E+12,527
1.62861E+12,631
1.62861E+12,455
1.62861E+12,456
1.62861E+12,466
1.62861E+12,449
1.62861E+12,491
1.62861E+12,634
1.62861E+12,414
1.62861E+12,520
1.62861E+12,531
1.62861E+12,589
1.62861E+12,525
1.62861E+12,437
1.62861E+12,596
1.62861E+12,636
1.62861E+12,486
1.62861E+12,534
1.62861E+12,515
1.62861E+12,480
1.62861E+12,646
1.62861E+12,525
1.62861E+12,555
1.62861E+12,504
1.62861E+12,563
1.62861E+12,560
1.62861E+12,543
1.62861E+12,539
1.62861E+12,460
1.62861E+12,629
1.62861E+12,539
1.62861E+12,546
1.62861E+12,589
1.62861E+12,595
1.62861E+12,634
1.62861E+12,584
1.62861E+12,614
1.62861E+12,625
1.62861E+12,613
1.62861E+12,473
1.62861E+12,584
1.62861E+12,584
1.62861E+12,597
1.62861E+12,652
1.62861E+12,701
1.62861E+12,667
1.62861E+12,659
1.62861E+12,469
1.62861E+12,661
1.62861E+12,441
1.62861E+12,693
1.62861E+12,695
1.62861E+12,649
1.62861E+12,448
1.62861E+12,582
1.62861E+12,666
1.62861E+12,638
1.62861E+12,635
1.62861E+12,652
1.62861E+12,592
1.62861E+12,793
1.62861E+12,533
1.62861E+12,452
1.62861E+12,471
1.62861E+12,487
1.62861E+12,543
1.62861E+12,436
1.62861E+12,546
1.62861E+12,548
1.62861E+12,473
1.62861E+12,582
1.62861E+12,543
1.62861E+12,584
1.62861E+12,609
1.62861E+12,537
1.62861E+12,441
1.62861E+12,572
1.62861E+12,534
1.62861E+12,436
1.62861E+12,615
1.62861E+12,527
1.62861E+12,479
1.62861E+12,511
1.62861E+12,692
1.62861E+12,769
1.62861E+12,453
1.62861E+12,379
1.62861E+12,708
1.62861E+12,434
1.62861E+12,534
1.62861E+12,670
1.62861E+12,617
1.62861E+12,403
1.62861E+12,899
1.62861E+12,593
1.62861E+12,670
1.62861E+12,477
1.62861E+12,675
1.62861E+12,655
1.62861E+12,563
1.62861E+12,558
1.62861E+12,562
1.62861E+12,569
1.62861E+12,561
1.62861E+12,565
1.62861E+12,579
1.62861E+12,567
1.62861E+12,469
1.62861E+12,540
1.62861E+12,611
1.62861E+12,526
1.62861E+12,507
1.62861E+12,544
1.62861E+12,556
1.62861E+12,537
1.62861E+12,478
1.62861E+12,665
1.62861E+12,523
1.62861E+12,719
1.62861E+12,631
1.62861E+12,455
1.62861E+12,531
1.62861E+12,535
1.62861E+12,526
1.62861E+12,545
1.62861E+12,621
1.62861E+12,453
1.62861E+12,542
1.62861E+12,502
1.62861E+12,543
1.62861E+12,527
1.62861E+12,617
1.62861E+12,469
1.62861E+12,469
1.62861E+12,545
1.62861E+12,332
1.62861E+12,589
1.62861E+12,417
1.62861E+12,579
1.62861E+12,489
1.62861E+12,485
1.62861E+12,450
1.62861E+12,439
1.62861E+12,501
1.62861E+12,495
1.62861E+12,448
1.62861E+12,506
1.62861E+12,508
1.62861E+12,611
1.62861E+12,569
1.62861E+12,700
1.62861E+12,590
1.62861E+12,531
1.62861E+12,548
1.62861E+12,460
1.62861E+12,493
1.62861E+12,473
1.62861E+12,471
1.62861E+12,450
1.62861E+12,466
1.62861E+12,667
1.62861E+12,496
1.62861E+12,443
1.62861E+12,532
1.62861E+12,544
1.62861E+12,564
1.62861E+12,601
1.62861E+12,667
1.62861E+12,532
1.62861E+12,605
1.62861E+12,522
1.62861E+12,419
1.62861E+12,583
1.62861E+12,672
1.62861E+12,587
1.62861E+12,665
1.62861E+12,616
1.62861E+12,469
1.62861E+12,613
1.62861E+12,623
1.62861E+12,526
1.62861E+12,545
1.62861E+12,441
1.62861E+12,374
1.62861E+12,783
1.62861E+12,710
1.62861E+12,524
1.62861E+12,638
1.62861E+12,750
1.62861E+12,669
1.62861E+12,453
1.62861E+12,506
1.62861E+12,449
1.62861E+12,642
1.62861E+12,543
1.62861E+12,464
1.62861E+12,560
1.62861E+12,478
1.62861E+12,594
1.62861E+12,573
1.62861E+12,482
1.62861E+12,546
1.62861E+12,598
1.62861E+12,613
1.62861E+12,563
1.62861E+12,537
1.62861E+12,420
1.62861E+12,633
1.62861E+12,643
1.62861E+12,533
1.62861E+12,656
1.62861E+12,493
1.62861E+12,478
1.62861E+12,650
1.62861E+12,606
1.62861E+12,538
1.62861E+12,522
1.62861E+12,745
1.62861E+12,643
1.62861E+12,453
1.62861E+12,570
1.62861E+12,539
1.62861E+12,488
1.62861E+12,561
1.62861E+12,615
1.62861E+12,593
1.62861E+12,695
1.62861E+12,625
1.62861E+12,454
1.62861E+12,631
1.62861E+12,543
1.62861E+12,454
1.62861E+12,527
1.62861E+12,471
1.62861E+12,515
1.62861E+12,479
1.62861E+12,629
1.62861E+12,607
1.62861E+12,541
1.62861E+12,673
1.62861E+12,480
1.62861E+12,535
1.62861E+12,590
1.62861E+12,596
1.62861E+12,583
1.62861E+12,768
1.62861E+12,589
1.62861E+12,565
1.62861E+12,614
1.62861E+12,664
1.62861E+12,508
1.62861E+12,637
1.62861E+12,467
1.62861E+12,500
1.62861E+12,727
1.62861E+12,574
1.62861E+12,432
1.62861E+12,726
1.62861E+12,576
1.62861E+12,572
1.62861E+12,544
1.62861E+12,454
1.62861E+12,429
1.62861E+12,638
1.62861E+12,564
1.62861E+12,607
1.62861E+12,642
1.62861E+12,637
1.62861E+12,671
1.62861E+12,457
1.62861E+12,609
1.62861E+12,479
1.62861E+12,558
1.62861E+12,560
1.62861E+12,591
1.62861E+12,481
1.62861E+12,531
1.62861E+12,545
1.62861E+12,460
1.62861E+12,651
1.62861E+12,434
1.62861E+12,557
1.62861E+12,562
1.62861E+12,581
1.62861E+12,602
1.62861E+12,515
1.62861E+12,520
1.62861E+12,551
1.62861E+12,642
1.62861E+12,687
1.62861E+12,446
1.62861E+12,439
1.62861E+12,379
1.62861E+12,439
1.62861E+12,566
1.62861E+12,579
1.62861E+12,600
1.62861E+12,597
1.62861E+12,600
1.62861E+12,621
1.62861E+12,583
1.62861E+12,477
1.62861E+12,536
1.62861E+12,499
1.62861E+12,547
1.62861E+12,534
1.62861E+12,745
1.62861E+12,659
1.62861E+12,539
1.62861E+12,785
1.62861E+12,609
1.62861E+12,502
1.62861E+12,471
1.62861E+12,620
1.62861E+12,491
1.62861E+12,598
1.62861E+12,599
1.62861E+12,624
1.62861E+12,549
1.62861E+12,709
1.62861E+12,639
1.62861E+12,612
1.62861E+12,703
1.62861E+12,571
1.62861E+12,720
1.62861E+12,480
1.62861E+12,598
1.62861E+12,679
1.62861E+12,577
1.62861E+12,633
1.62861E+12,580
1.62861E+12,676
1.62861E+12,586
1.62861E+12,591
1.62861E+12,580
1.62861E+12,462
1.62861E+12,510
1.62861E+12,615
1.62861E+12,573
1.62861E+12,838
1.62861E+12,570
1.62861E+12,599
1.62861E+12,558
1.62861E+12,526
1.62861E+12,657
1.62861E+12,686
1.62861E+12,344
1.62861E+12,490
1.62861E+12,506
1.62861E+12,607
1.62861E+12,506
1.62861E+12,366
1.62861E+12,517
1.62861E+12,545
1.62861E+12,637
1.62861E+12,420
1.62861E+12,445
1.62861E+12,443
1.62861E+12,648
1.62861E+12,755
1.62861E+12,520
1.62861E+12,655
1.62861E+12,683
1.62861E+12,475
1.62861E+12,639
1.62861E+12,485
1.62861E+12,739
1.62861E+12,398
1.62861E+12,436
1.62861E+12,531
1.62861E+12,541
1.62861E+12,526
1.62861E+12,525
1.62861E+12,401
1.62861E+12,586
1.62861E+12,560
1.62861E+12,524
1.62861E+12,554
1.62861E+12,626
1.62861E+12,430
1.62861E+12,549
1.62861E+12,652
1.62861E+12,548
1.62861E+12,532
1.62861E+12,437
1.62861E+12,512
1.62861E+12,602
1.62861E+12,656
1.62861E+12,759
1.62861E+12,551
1.62861E+12,512
1.62861E+12,596
1.62861E+12,502
1.62861E+12,464
1.62861E+12,595
1.62861E+12,621
1.62861E+12,533
1.62861E+12,545
1.62861E+12,618
1.62861E+12,512
1.62861E+12,588
1.62861E+12,625
1.62861E+12,577
1.62861E+12,497
1.62861E+12,498
1.62861E+12,610
1.62861E+12,627
1.62861E+12,631
1.62861E+12,665
1.62861E+12,533
1.62861E+12,715
1.62861E+12,537
1.62861E+12,522
1.62861E+12,630
1.62861E+12,686
1.62861E+12,520
1.62861E+12,716
1.62861E+12,617
1.62861E+12,628
1.62861E+12,641
1.62861E+12,645
1.62861E+12,566
1.62861E+12,640
1.62861E+12,496
1.62861E+12,604
1.62861E+12,628
1.62861E+12,592
1.62861E+12,482
1.62861E+12,687
1.62861E+12,595
1.62861E+12,631
1.62861E+12,727
1.62861E+12,595
1.62861E+12,766
1.62861E+12,794
1.62861E+12,508
1.62861E+12,596
1.62861E+12,437
1.62861E+12,620
1.62861E+12,626
1.62861E+12,629
1.62861E+12,588
1.62861E+12,365
1.62861E+12,697
1.62861E+12,596
1.62861E+12,469
1.62861E+12,606
1.62861E+12,479
1.62861E+12,647
1.62861E+12,574
1.62861E+12,693
1.62861E+12,467
1.62861E+12,347
1.62861E+12,497
1.62861E+12,521
1.62861E+12,519
1.62861E+12,536
1.62861E+12,506
1.62861E+12,489
1.62861E+12,523
1.62861E+12,561
1.62861E+12,650
1.62861E+12,545
1.62861E+12,531
1.62861E+12,531
1.62861E+12,634
1.62861E+12,664
1.62861E+12,548
1.62861E+12,617
1.62861E+12,424
1.62861E+12,531
1.62861E+12,583
1.62861E+12,637
1.62861E+12,523
1.62861E+12,459
1.62861E+12,421
1.62861E+12,423
1.62861E+12,589
1.62861E+12,464
1.62861E+12,503
1.62861E+12,533
1.62861E+12,474
1.62861E+12,511
1.62861E+12,546
1.62861E+12,628
1.62861E+12,711
1.62861E+12,596
1.62861E+12,470
1.62861E+12,479
1.62861E+12,564
1.62861E+12,373
1.62861E+12,545
1.62861E+12,556
1.62861E+12,585
1.62861E+12,578
1.62861E+12,620
1.62861E+12,435
1.62861E+12,582
1.62861E+12,385
1.62861E+12,420
1.62861E+12,578
1.62861E+12,605
1.62861E+12,607
1.62861E+12,605
1.62861E+12,730
1.62861E+12,443
1.62861E+12,674
1.62861E+12,677
1.62861E+12,515
1.62861E+12,759
1.62861E+12,662
1.62861E+12,451
1.62861E+12,669
1.62861E+12,675
1.62861E+12,355
1.62861E+12,503
1.62861E+12,523
1.62861E+12,527
1.62861E+12,506
1.62861E+12,536
1.62861E+12,536
1.62861E+12,546
1.62861E+12,538
1.62861E+12,487
1.62861E+12,543
1.62861E+12,503
1.62861E+12,753
1.62861E+12,519
1.62861E+12,546
1.62861E+12,468
1.62861E+12,596
1.62861E+12,570
1.62861E+12,529
1.62861E+12,552
1.62861E+12,548
1.62861E+12,531
1.62861E+12,618
1.62861E+12,454
1.62861E+12,599
1.62861E+12,496
1.62861E+12,582
1.62861E+12,471
1.62861E+12,481
1.62861E+12,515
1.62861E+12,544
1.62861E+12,741
1.62861E+12,607
1.62861E+12,430
1.62861E+12,590
1.62861E+12,536
1.62861E+12,537
1.62861E+12,554
1.62861E+12,440
1.62861E+12,586
1.62861E+12,579
1.62861E+12,379
1.62861E+12,549
1.62861E+12,657
1.62861E+12,537
1.62861E+12,563
1.62861E+12,501
1.62861E+12,540
1.62861E+12,507
1.62861E+12,498
1.62861E+12,606
1.62861E+12,296
1.62861E+12,463
1.62861E+12,398
1.62861E+12,412
1.62861E+12,415
1.62861E+12,463
1.62861E+12,597
1.62861E+12,572
1.62861E+12,569
1.62861E+12,490
1.62861E+12,483
1.62861E+12,496
1.62861E+12,495
1.62861E+12,611
1.62861E+12,576
1.62861E+12,532
1.62861E+12,424
1.62861E+12,497
1.62861E+12,505
1.62861E+12,514
1.62861E+12,524
1.62861E+12,374
1.62861E+12,439
1.62861E+12,413
1.62861E+12,416
1.62861E+12,382
1.62861E+12,515
1.62861E+12,533
1.62861E+12,536
1.62861E+12,514
1.62861E+12,531
1.62861E+12,492
1.62861E+12,518
1.62861E+12,601
1.62861E+12,552
1.62861E+12,455
1.62861E+12,540
1.62861E+12,470
1.62861E+12,550
1.62861E+12,549
1.62861E+12,555
1.62861E+12,669
1.62861E+12,495
1.62861E+12,430
1.62861E+12,602
1.62861E+12,617
1.62861E+12,566
1.62861E+12,533
1.62861E+12,666
1.62861E+12,624
1.62861E+12,440
1.62861E+12,541
1.62861E+12,539
1.62861E+12,590
1.62861E+12,535
1.62861E+12,558
1.62861E+12,530
1.62861E+12,407
1.62861E+12,619
1.62861E+12,520
1.62861E+12,715
1.62861E+12,753
1.62861E+12,536
1.62861E+12,405
1.62861E+12,558
1.62861E+12,487
1.62861E+12,506
1.62861E+12,486
1.62861E+12,429
1.62861E+12,545
1.62861E+12,563
1.62861E+12,542
1.62861E+12,382
1.62861E+12,592
1.62861E+12,497
1.62861E+12,523
1.62861E+12,460
1.62861E+12,521
1.62861E+12,520
1.62861E+12,547
1.62861E+12,526
1.62861E+12,513
1.62861E+12,508
1.62861E+12,616
1.62861E+12,460
1.62861E+12,562
1.62861E+12,581
1.62861E+12,562
1.62861E+12,442
1.62861E+12,431
1.62861E+12,560
1.62861E+12,530
1.62861E+12,563
1.62861E+12,615
1.62861E+12,482
1.62861E+12,613
1.62861E+12,444
1.62861E+12,544
1.62861E+12,638
1.62861E+12,531
1.62861E+12,554
1.62861E+12,547
1.62861E+12,572
1.62861E+12,353
1.62861E+12,675
1.62861E+12,608
1.62861E+12,528
1.62861E+12,540
1.62861E+12,496
1.62861E+12,549
1.62861E+12,578
1.62861E+12,477
1.62861E+12,623
1.62861E+12,625
1.62861E+12,487
1.62861E+12,534
1.62861E+12,532
1.62861E+12,512
1.62861E+12,631
1.62861E+12,574
1.62861E+12,545
1.62861E+12,494
1.62861E+12,585
1.62861E+12,515
1.62861E+12,411
1.62861E+12,526
1.62861E+12,635
1.62861E+12,521
1.62861E+12,544
1.62861E+12,485
1.62861E+12,555
1.62861E+12,323
1.62861E+12,532
1.62861E+12,502
1.62861E+12,610
1.62861E+12,570
1.62861E+12,400
1.62861E+12,423
1.62861E+12,368
1.62861E+12,517
1.62861E+12,526
1.62861E+12,586
1.62861E+12,423
1.62861E+12,580
1.62861E+12,471
1.62861E+12,453
1.62861E+12,526
1.62861E+12,526
1.62861E+12,473
1.62861E+12,462
1.62861E+12,647
1.62861E+12,603
1.62861E+12,399
1.62861E+12,644
1.62861E+12,548
1.62861E+12,586
1.62861E+12,627
1.62861E+12,528
1.62861E+12,553
1.62861E+12,571
1.62861E+12,457
1.62861E+12,653
1.62861E+12,632
1.62861E+12,477
1.62861E+12,552
1.62861E+12,491
1.62861E+12,687
1.62861E+12,522
1.62861E+12,489
1.62861E+12,555
1.62861E+12,534
1.62861E+12,534
1.62861E+12,716
1.62861E+12,562
1.62861E+12,578
1.62861E+12,467
1.62861E+12,466
1.62861E+12,596
1.62861E+12,430
1.62861E+12,499
1.62861E+12,446
1.62861E+12,333
1.62861E+12,512
1.62861E+12,642
1.62861E+12,596
1.62861E+12,474
1.62861E+12,599
1.62861E+12,497
1.62861E+12,373
1.62861E+12,491
1.62861E+12,466
1.62861E+12,350
1.62861E+12,592
1.62861E+12,443
1.62861E+12,633
1.62861E+12,365
1.62861E+12,596
1.62861E+12,481
1.62861E+12,507
1.62861E+12,657
1.62861E+12,550
1.62861E+12,495
1.62861E+12,500
1.62861E+12,421
1.62861E+12,474
1.62861E+12,432
1.62861E+12,585
1.62861E+12,645
1.62861E+12,536
1.62861E+12,475
1.62861E+12,367
1.62861E+12,462
1.62861E+12,457
1.62861E+12,499
1.62861E+12,472
1.62861E+12,447
1.62861E+12,426
1.62861E+12,439
1.62861E+12,500
1.62861E+12,443
1.62861E+12,379
1.62861E+12,455
1.62861E+12,424
1.62861E+12,555
1.62861E+12,523
1.62861E+12,612
1.62861E+12,515
1.62861E+12,487
1.62861E+12,525
1.62861E+12,496
1.62861E+12,356
1.62861E+12,569
1.62861E+12,589
1.62861E+12,704
1.62861E+12,707
1.62861E+12,578
1.62861E+12,535
1.62861E+12,583
1.62861E+12,581
1.62861E+12,608
1.62861E+12,598
1.62861E+12,543
1.62861E+12,418
1.62861E+12,622
1.62861E+12,545
1.62861E+12,625
1.62861E+12,507
1.62861E+12,516
1.62861E+12,453
1.62861E+12,529
1.62861E+12,505
1.62861E+12,431
1.62861E+12,526
1.62861E+12,614
1.62861E+12,513
1.62861E+12,634
1.62861E+12,544
1.62861E+12,596
1.62861E+12,517
1.62861E+12,621
1.62861E+12,484
1.62861E+12,488
1.62861E+12,460
1.62861E+12,498
1.62861E+12,641
1.62861E+12,620
1.62861E+12,449
1.62861E+12,387
1.62861E+12,472
1.62861E+12,483
1.62861E+12,513
1.62861E+12,396
1.62861E+12,701
1.62861E+12,540
1.62861E+12,633
1.62861E+12,452
1.62861E+12,534
1.62861E+12,675
1.62861E+12,582
1.62861E+12,508
1.62861E+12,431
1.62861E+12,545
1.62861E+12,458
1.62861E+12,606
1.62861E+12,448
1.62861E+12,474
1.62861E+12,434
1.62861E+12,439
1.62861E+12,370
1.62861E+12,591
1.62861E+12,825
1.62861E+12,641
1.62861E+12,536
1.62861E+12,664
1.62861E+12,626
1.62861E+12,411
1.62861E+12,625
1.62861E+12,627
1.62861E+12,448
1.62861E+12,563
1.62861E+12,565
1.62861E+12,390
1.62861E+12,719
1.62861E+12,571
1.62861E+12,593
1.62861E+12,560
1.62861E+12,593
1.62861E+12,491
1.62861E+12,529
1.62861E+12,463
1.62861E+12,459
1.62861E+12,526
1.62861E+12,612
1.62861E+12,610
1.62861E+12,540
1.62861E+12,525
1.62861E+12,689
1.62861E+12,559
1.62861E+12,480
1.62861E+12,482
1.62861E+12,506
1.62861E+12,581
1.62861E+12,433
1.62861E+12,578
1.62861E+12,517
1.62861E+12,643
1.62861E+12,661
1.62861E+12,467
1.62861E+12,448
1.62861E+12,536
1.62861E+12,657
1.62861E+12,665
1.62861E+12,463
1.62861E+12,599
1.62861E+12,596
1.62861E+12,5785
1.62861E+12,573
1.62861E+12,552
1.62861E+12,545
1.62861E+12,569
1.62861E+12,5869
1.62861E+12,594
1.62861E+12,647
1.62861E+12,563
1.62861E+12,576
1.62861E+12,505
1.62861E+12,554
1.62861E+12,517
1.62861E+12,564
1.62861E+12,595
1.62861E+12,574
1.62861E+12,639
1.62861E+12,591
1.62861E+12,5661
1.62861E+12,561
1.62861E+12,590
1.62861E+12,545
1.62861E+12,574
1.62861E+12,666
1.62861E+12,480
1.62861E+12,639
1.62861E+12,509
1.62861E+12,359
1.62861E+12,561
1.62861E+12,546
1.62861E+12,582
1.62861E+12,479
1.62861E+12,523
1.62861E+12,495
1.62861E+12,462
1.62861E+12,865
1.62861E+12,489
1.62861E+12,629
1.62861E+12,607
1.62861E+12,637
1.62861E+12,628
1.62861E+12,576
1.62861E+12,731
1.62861E+12,547
1.62861E+12,446
1.62861E+12,719
1.62861E+12,524
1.62861E+12,530
1.62861E+12,522
1.62861E+12,459
1.62861E+12,552
1.62861E+12,538
1.62861E+12,496
1.62861E+12,511
1.62861E+12,521
1.62861E+12,410
1.62861E+12,410
1.62861E+12,331
1.62861E+12,610
1.62861E+12,752
1.62861E+12,575
1.62861E+12,573
1.62861E+12,598
1.62861E+12,660
1.62861E+12,574
1.62861E+12,546
1.62861E+12,575
1.62861E+12,744
1.62861E+12,521
1.62861E+12,363
1.62861E+12,635
1.62861E+12,594
1.62861E+12,567
1.62861E+12,411
1.62861E+12,599
1.62861E+12,598
1.62861E+12,469
1.62861E+12,635
1.62861E+12,538
1.62861E+12,547
1.62861E+12,739
1.62861E+12,556
1.62861E+12,736
1.62861E+12,870
1.62861E+12,661
1.62861E+12,582
1.62861E+12,549
1.62861E+12,726
1.62861E+12,610
1.62861E+12,525
1.62861E+12,534
1.62861E+12,410
1.62861E+12,539
1.62861E+12,539
1.62861E+12,599
1.62861E+12,449
1.62861E+12,504
1.62861E+12,725
1.62861E+12,483
1.62861E+12,507
1.62861E+12,647
1.62861E+12,753
1.62861E+12,432
1.62861E+12,593
1.62861E+12,593
1.62861E+12,565
1.62861E+12,606
1.62861E+12,561
1.62861E+12,527
1.62861E+12,742
1.62861E+12,449
1.62861E+12,622
1.62861E+12,598
1.62861E+12,597
1.62861E+12,431
1.62861E+12,340
1.62861E+12,802
1.62861E+12,561
1.62861E+12,565
1.62861E+12,450
1.62861E+12,455
1.62861E+12,563
1.62861E+12,530
1.62861E+12,482
1.62861E+12,511
1.62861E+12,593
1.62861E+12,539
1.62861E+12,468
1.62861E+12,648
1.62861E+12,512
1.62861E+12,688
1.62861E+12,693
1.62861E+12,501
1.62861E+12,479
1.62861E+12,527
1.62861E+12,495
1.62861E+12,545
1.62861E+12,644
1.62861E+12,546
1.62861E+12,430
1.62861E+12,570
1.62861E+12,564
1.62861E+12,608
1.62861E+12,588
1.62861E+12,504
1.62861E+12,679
1.62861E+12,563
1.62861E+12,525
1.62861E+12,669
1.62861E+12,665
1.62861E+12,563
1.62861E+12,530
1.62861E+12,567
1.62861E+12,663
1.62861E+12,590
1.62861E+12,748
1.62861E+12,440
1.62861E+12,512
1.62861E+12,647
1.62861E+12,649
1.62861E+12,593
1.62861E+12,360
1.62861E+12,334
1.62861E+12,465
1.62861E+12,579
1.62861E+12,540
1.62861E+12,610
1.62861E+12,575
1.62861E+12,574
1.62861E+12,503
1.62861E+12,417
1.62861E+12,732
1.62861E+12,664
1.62861E+12,654
1.62861E+12,458
1.62861E+12,465
1.62861E+12,569
1.62861E+12,588
1.62861E+12,608
1.62861E+12,775
1.62861E+12,583
1.62861E+12,579
1.62861E+12,541
1.62861E+12,775
1.62861E+12,667
1.62861E+12,617
1.62861E+12,661
1.62861E+12,634
1.62861E+12,548
1.62861E+12,534
1.62861E+12,693
1.62861E+12,546
1.62861E+12,379
1.62861E+12,550
1.62861E+12,555
1.62861E+12,439
1.62861E+12,526
1.62861E+12,594
1.62861E+12,522
1.62861E+12,452
1.62861E+12,758
1.62861E+12,580
1.62861E+12,572
1.62861E+12,603
1.62861E+12,457
1.62861E+12,454
1.62861E+12,504
1.62861E+12,459
1.62861E+12,365
1.62861E+12,472
1.62861E+12,464
1.62861E+12,691
1.62861E+12,574
1.62861E+12,570
1.62861E+12,664
1.62861E+12,511
1.62861E+12,559
1.62861E+12,727
1.62861E+12,580
1.62861E+12,443
1.62861E+12,462
1.62861E+12,717
1.62861E+12,574
1.62861E+12,609
1.62861E+12,705
1.62861E+12,658
1.62861E+12,503
1.62861E+12,575
1.62861E+12,565
1.62861E+12,683
1.62861E+12,530
1.62861E+12,745
1.62861E+12,533
1.62861E+12,543
1.62861E+12,533
1.62861E+12,648
1.62861E+12,618
1.62861E+12,637
1.62861E+12,580
1.62861E+12,396
1.62861E+12,368
1.62861E+12,500
1.62861E+12,577
1.62861E+12,570
1.62861E+12,667
1.62861E+12,576
1.62861E+12,531
1.62861E+12,746
1.62861E+12,654
1.62861E+12,569
1.62861E+12,565
1.62861E+12,564
1.62861E+12,534
1.62861E+12,707
1.62861E+12,360
1.62861E+12,576
1.62861E+12,523
1.62861E+12,543
1.62861E+12,548
1.62861E+12,710
1.62861E+12,606
1.62861E+12,746
1.62861E+12,685
1.62861E+12,459
1.62861E+12,533
1.62861E+12,664
1.62861E+12,472
1.62861E+12,508
1.62861E+12,865
1.62861E+12,655
1.62861E+12,639
1.62861E+12,602
1.62861E+12,570
1.62861E+12,598
1.62861E+12,589
1.62861E+12,509
1.62861E+12,633
1.62861E+12,569
1.62861E+12,371
1.62861E+12,554
1.62861E+12,538
1.62861E+12,543
1.62861E+12,612
1.62861E+12,554
1.62861E+12,428
1.62861E+12,515
1.62861E+12,793
1.62861E+12,581
1.62861E+12,557
1.62861E+12,564
1.62861E+12,604
1.62861E+12,583
1.62861E+12,343
1.62861E+12,754
1.62861E+12,336
1.62861E+12,557
1.62861E+12,557
1.62861E+12,441
1.62861E+12,656
1.62861E+12,454
1.62861E+12,456
1.62861E+12,636
1.62861E+12,484
1.62861E+12,660
1.62861E+12,640
1.62861E+12,571
1.62861E+12,479
1.62861E+12,566
1.62861E+12,438
1.62861E+12,685
1.62861E+12,582
1.62861E+12,726
1.62861E+12,504
1.62861E+12,642
1.62861E+12,559
1.62861E+12,535
1.62861E+12,553
1.62861E+12,567
1.62861E+12,700
1.62861E+12,515
1.62861E+12,600
1.62861E+12,653
1.62861E+12,685
1.62861E+12,766
1.62861E+12,651
1.62861E+12,599
1.62861E+12,656
1.62861E+12,673
1.62861E+12,592
1.62861E+12,686
1.62861E+12,614
1.62861E+12,562
1.62861E+12,623
1.62861E+12,536
1.62861E+12,545
1.62861E+12,698
1.62861E+12,538
1.62861E+12,524
1.62861E+12,580
1.62861E+12,485
1.62861E+12,498
1.62861E+12,728
1.62861E+12,600
1.62861E+12,602
1.62861E+12,458
1.62861E+12,572
1.62861E+12,598
1.62861E+12,630
1.62861E+12,483
1.62861E+12,622
1.62861E+12,611
1.62861E+12,822
1.62861E+12,469
1.62861E+12,379
1.62861E+12,619
1.62861E+12,605
1.62861E+12,672
1.62861E+12,706
1.62861E+12,564
1.62861E+12,424
1.62861E+12,502
1.62861E+12,662
1.62861E+12,558
1.62861E+12,596
1.62861E+12,704
1.62861E+12,570
1.62861E+12,591
1.62861E+12,364
1.62861E+12,542
1.62861E+12,491
1.62861E+12,483
1.62861E+12,504
1.62861E+12,721
1.62861E+12,576
1.62861E+12,549
1.62861E+12,651
1.62861E+12,488
1.62861E+12,566
1.62861E+12,756
1.62861E+12,565
1.62861E+12,740
1.62861E+12,498
1.62861E+12,507
1.62861E+12,578
1.62861E+12,591
1.62861E+12,680
1.62861E+12,599
1.62861E+12,720
1.62861E+12,620
1.62861E+12,473
1.62861E+12,572
1.62861E+12,616
1.62861E+12,616
1.62861E+12,534
1.62861E+12,441
1.62861E+12,578
1.62861E+12,764
1.62861E+12,602
1.62861E+12,672
1.62861E+12,457
1.62861E+12,618
1.62861E+12,435
1.62861E+12,714
1.62861E+12,689
1.62861E+12,585
1.62861E+12,614
1.62861E+12,487
1.62861E+12,561
1.62861E+12,558
1.62861E+12,539
1.62861E+12,490
1.62861E+12,544
1.62861E+12,482
1.62861E+12,569
1.62861E+12,456
1.62861E+12,545
1.62861E+12,410
1.62861E+12,546
1.62861E+12,541
1.62861E+12,577
1.62861E+12,529
1.62861E+12,664
1.62861E+12,590
1.62861E+12,922
1.62861E+12,550
1.62861E+12,498
1.62861E+12,617
1.62861E+12,511
1.62861E+12,599
1.62861E+12,610
1.62861E+12,626
1.62861E+12,583
1.62861E+12,902
1.62861E+12,480
1.62861E+12,482
1.62861E+12,537
1.62861E+12,501
1.62861E+12,589
1.62861E+12,590
1.62861E+12,579
1.62861E+12,537
1.62861E+12,697
1.62861E+12,460
1.62861E+12,637
1.62861E+12,761
1.62861E+12,569
1.62861E+12,585
1.62861E+12,665
1.62861E+12,418
1.62861E+12,461
1.62861E+12,553
1.62861E+12,575
1.62861E+12,541
1.62861E+12,537
1.62861E+12,412
1.62861E+12,522
1.62861E+12,606
1.62861E+12,639
1.62861E+12,519
1.62861E+12,535
1.62861E+12,465
1.62861E+12,667
1.62861E+12,726
1.62861E+12,532
1.62861E+12,561
1.62861E+12,643
1.62861E+12,550
1.62861E+12,406
1.62861E+12,525
1.62861E+12,563
1.62861E+12,698
1.62861E+12,477
1.62861E+12,463
1.62861E+12,597
1.62861E+12,489
1.62861E+12,578
1.62861E+12,588
1.62861E+12,610
1.62861E+12,564
1.62861E+12,527
1.62861E+12,619
1.62861E+12,647
1.62861E+12,698
1.62861E+12,704
1.62861E+12,515
1.62861E+12,533
1.62861E+12,589
1.62861E+12,540
1.62861E+12,488
1.62861E+12,591
1.62861E+12,553
1.62861E+12,672
1.62861E+12,621
1.62861E+12,588
1.62861E+12,688
1.62861E+12,544
1.62861E+12,771
1.62861E+12,604
1.62861E+12,485
1.62861E+12,695
1.62861E+12,680
1.62861E+12,643
1.62861E+12,627
1.62861E+12,359
1.62861E+12,618
1.62861E+12,628
1.62861E+12,680
1.62861E+12,564
1.62861E+12,706
1.62861E+12,664
1.62861E+12,640
1.62861E+12,613
1.62861E+12,575
1.62861E+12,820
1.62861E+12,772
1.62861E+12,599
1.62861E+12,492
1.62861E+12,583
1.62861E+12,486
1.62861E+12,499
1.62861E+12,596
1.62861E+12,477
1.62861E+12,378
1.62861E+12,570
1.62861E+12,664
1.62861E+12,577
1.62861E+12,386
1.62861E+12,698
1.62861E+12,490
1.62861E+12,496
1.62861E+12,580
1.62861E+12,572
1.62861E+12,705
1.62861E+12,620
1.62861E+12,582
1.62861E+12,668
1.62861E+12,656
1.62861E+12,470
1.62861E+12,567
1.62861E+12,756
1.62861E+12,551
1.62861E+12,662
1.62861E+12,467
1.62861E+12,668
1.62861E+12,841
1.62861E+12,312
1.62861E+12,405
1.62861E+12,532
1.62861E+12,650
1.62861E+12,349
1.62861E+12,564
1.62861E+12,562
1.62861E+12,624
1.62861E+12,452
1.62861E+12,605
1.62861E+12,355
1.62861E+12,574
1.62861E+12,638
1.62861E+12,567
1.62861E+12,632
1.62861E+12,553
1.62861E+12,500
1.62861E+12,651
1.62861E+12,474
1.62861E+12,602
1.62861E+12,687
1.62861E+12,697
1.62861E+12,652
1.62861E+12,508
1.62861E+12,515
1.62861E+12,467
1.62861E+12,576
1.62861E+12,462
1.62861E+12,579
1.62861E+12,826
1.62861E+12,560
1.62861E+12,543
1.62861E+12,630
1.62861E+12,443
1.62861E+12,567
1.62861E+12,453
1.62861E+12,516
1.62861E+12,629
1.62861E+12,454
1.62861E+12,640
1.62861E+12,629
1.62861E+12,580
1.62861E+12,457
1.62861E+12,619
1.62861E+12,601
1.62861E+12,600
1.62861E+12,561
1.62861E+12,573
1.62861E+12,567
1.62861E+12,557
1.62861E+12,569
1.62861E+12,537
1.62861E+12,519
1.62861E+12,590
1.62861E+12,516
1.62861E+12,521
1.62861E+12,443
1.62861E+12,444
1.62861E+12,510
1.62861E+12,678
1.62861E+12,515
1.62861E+12,465
1.62861E+12,536
1.62861E+12,606
1.62861E+12,559
1.62861E+12,470
1.62861E+12,530
1.62861E+12,480
1.62861E+12,389
1.62861E+12,634
1.62861E+12,498
1.62861E+12,651
1.62861E+12,588
1.62861E+12,591
1.62861E+12,584
1.62861E+12,635
1.62861E+12,602
1.62861E+12,632
1.62861E+12,635
1.62861E+12,580
1.62861E+12,446
1.62861E+12,544
1.62861E+12,547
1.62861E+12,468
1.62861E+12,691
1.62861E+12,596
1.62861E+12,482
1.62861E+12,576
1.62861E+12,552
1.62861E+12,562
1.62861E+12,518
1.62861E+12,492
1.62861E+12,372
1.62861E+12,551
1.62861E+12,490
1.62861E+12,600
1.62861E+12,647
1.62861E+12,530
1.62861E+12,511
1.62861E+12,624
1.62861E+12,748
1.62861E+12,411
1.62861E+12,483
1.62861E+12,635
1.62861E+12,457
1.62861E+12,571
1.62861E+12,564
1.62861E+12,470
1.62861E+12,483
1.62861E+12,587
1.62861E+12,355
1.62861E+12,655
1.62861E+12,653
1.62861E+12,723
1.62861E+12,538
1.62861E+12,492
1.62861E+12,662
1.62861E+12,669
1.62861E+12,452
1.62861E+12,555
1.62861E+12,628
1.62861E+12,544
1.62861E+12,515
1.62861E+12,512
1.62861E+12,525
1.62861E+12,509
1.62861E+12,522
1.62861E+12,581
1.62861E+12,458
1.62861E+12,610
1.62861E+12,483
1.62861E+12,562
1.62861E+12,762
1.62861E+12,632
1.62861E+12,445
1.62861E+12,501
1.62861E+12,534
1.62861E+12,453
1.62861E+12,533
1.62861E+12,397
1.62861E+12,539
1.62861E+12,632
1.62861E+12,634
1.62861E+12,633
1.62861E+12,543
1.62861E+12,571
1.62861E+12,591
1.62861E+12,535
1.62861E+12,762
1.62861E+12,511
1.62861E+12,631
1.62861E+12,497
1.62861E+12,492
1.62861E+12,606
1.62861E+12,616
1.62861E+12,532
1.62861E+12,432
1.62861E+12,403
1.62861E+12,547
1.62861E+12,476
1.62861E+12,564
1.62861E+12,494
1.62861E+12,587
1.62861E+12,563
1.62861E+12,557
1.62861E+12,525
1.62861E+12,673
1.62861E+12,665
1.62861E+12,643
1.62861E+12,688
1.62861E+12,524
1.62861E+12,581
1.62861E+12,531
1.62861E+12,688
1.62861E+12,486
1.62861E+12,511
1.62861E+12,595
1.62861E+12,494
1.62861E+12,528
1.62861E+12,364
1.62861E+12,716
1.62861E+12,620
1.62861E+12,477
1.62861E+12,455
1.62861E+12,690
1.62861E+12,473
1.62861E+12,451
1.62861E+12,569
1.62861E+12,722
1.62861E+12,606
1.62861E+12,765
1.62861E+12,636
1.62861E+12,435
1.62861E+12,640
1.62861E+12,442
1.62861E+12,580
1.62861E+12,537
1.62861E+12,563
1.62861E+12,558
1.62861E+12,576
1.62861E+12,566
1.62861E+12,753
1.62861E+12,485
1.62861E+12,625
1.62861E+12,539
1.62861E+12,558
1.62861E+12,477
1.62861E+12,343
1.62861E+12,579
1.62861E+12,477
1.62861E+12,602
1.62861E+12,720
1.62861E+12,642
1.62861E+12,478
1.62861E+12,662
1.62861E+12,506
1.62861E+12,484
1.62861E+12,543
1.62861E+12,462
1.62861E+12,495
1.62861E+12,412
1.62861E+12,518
1.62861E+12,441
1.62861E+12,572
1.62861E+12,750
1.62861E+12,730
1.62861E+12,455
1.62861E+12,515
1.62861E+12,641
1.62861E+12,497
1.62861E+12,554
1.62861E+12,539
1.62861E+12,653
1.62861E+12,550
1.62861E+12,499
1.62861E+12,579
1.62861E+12,708
1.62861E+12,617
1.62861E+12,540
1.62861E+12,511
1.62861E+12,452
1.62861E+12,468
1.62861E+12,567
1.62861E+12,504
1.62861E+12,400
1.62861E+12,504
1.62861E+12,530
1.62861E+12,575
1.62861E+12,723
1.62861E+12,527
1.62861E+12,552
1.62861E+12,459
1.62861E+12,568
1.62861E+12,460
1.62861E+12,575
1.62861E+12,619
1.62861E+12,365
1.62861E+12,524
1.62861E+12,727
1.62861E+12,546
1.62861E+12,872
1.62861E+12,654
1.62861E+12,656
1.62861E+12,517
1.62861E+12,469
1.62861E+12,482
1.62861E+12,587
1.62861E+12,437
1.62861E+12,451
1.62861E+12,519
1.62861E+12,576
1.62861E+12,608
1.62861E+12,570
1.62861E+12,414
1.62861E+12,579
1.62861E+12,473
1.62861E+12,435
1.62861E+12,440
1.62861E+12,312
1.62861E+12,425
1.62861E+12,485
1.62861E+12,473
1.62861E+12,574
1.62861E+12,596
1.62861E+12,471
1.62861E+12,531
1.62861E+12,662
1.62861E+12,610
1.62861E+12,434
1.62861E+12,384
1.62861E+12,451
1.62861E+12,513
1.62861E+12,352
1.62861E+12,484
1.62861E+12,457
1.62861E+12,356
1.62861E+12,656
1.62861E+12,509
1.62861E+12,421
1.62861E+12,522
1.62861E+12,512
1.62861E+12,435
1.62861E+12,806
1.62861E+12,428
1.62861E+12,579
1.62861E+12,509
1.62861E+12,474
1.62861E+12,642
1.62861E+12,503
1.62861E+12,485
1.62861E+12,469
1.62861E+12,522
1.62861E+12,493
1.62861E+12,515
1.62861E+12,512
1.62861E+12,516
1.62861E+12,325
1.62861E+12,543
1.62861E+12,469
1.62861E+12,521
1.62861E+12,532
1.62861E+12,407
1.62861E+12,607
1.62861E+12,409
1.62861E+12,434
1.62861E+12,470
1.62861E+12,658
1.62861E+12,510
1.62861E+12,333
1.62861E+12,506
1.62861E+12,477
1.62861E+12,430
1.62861E+12,493
1.62861E+12,755
1.62861E+12,535
1.62861E+12,513
1.62861E+12,522
1.62861E+12,594
1.62861E+12,437
1.62861E+12,575
1.62861E+12,531
1.62861E+12,475
1.62861E+12,483
1.62861E+12,435
1.62861E+12,617
1.62861E+12,502
1.62861E+12,497
1.62861E+12,494
1.62861E+12,404
1.62861E+12,491
1.62861E+12,401
1.62861E+12,458
1.62861E+12,378
1.62861E+12,388
1.62861E+12,483
1.62861E+12,459
1.62861E+12,496
1.62861E+12,390
1.62861E+12,491
1.62861E+12,421
1.62861E+12,579
1.62861E+12,422
1.62861E+12,379
1.62861E+12,444
1.62861E+12,612
1.62861E+12,528
1.62861E+12,460
1.62861E+12,395
1.62861E+12,481
1.62861E+12,466
1.62861E+12,554
1.62861E+12,500
1.62861E+12,390
1.62861E+12,474
1.62861E+12,511
1.62861E+12,487
1.62861E+12,496
1.62861E+12,468
1.62861E+12,555
1.62861E+12,703
1.62861E+12,427
1.62861E+12,507
1.62861E+12,453
1.62861E+12,673
1.62861E+12,496
1.62861E+12,514
1.62861E+12,524
1.62861E+12,406
1.62861E+12,506
1.62861E+12,355
1.62861E+12,584
1.62861E+12,557
1.62861E+12,496
1.62861E+12,578
1.62861E+12,446
1.62861E+12,526
1.62861E+12,552
1.62861E+12,563
1.62861E+12,568
1.62861E+12,437
1.62861E+12,667
1.62861E+12,562
1.62861E+12,514
1.62861E+12,510
1.62861E+12,519
1.62861E+12,533
1.62861E+12,473
1.62861E+12,568
1.62861E+12,391
1.62861E+12,498
1.62861E+12,513
1.62861E+12,511
1.62861E+12,315
1.62861E+12,454
1.62861E+12,503
1.62861E+12,510
1.62861E+12,301
1.62861E+12,477
1.62861E+12,561
1.62861E+12,513
1.62861E+12,519
1.62861E+12,570
1.62861E+12,498
1.62861E+12,491
1.62861E+12,572
1.62861E+12,782
1.62861E+12,525
1.62861E+12,543
1.62861E+12,502
1.62861E+12,362
1.62861E+12,545
1.62861E+12,459
1.62861E+12,509
1.62861E+12,457
1.62861E+12,422
1.62861E+12,463
1.62861E+12,458
1.62861E+12,464
1.62861E+12,378
1.62861E+12,485
1.62861E+12,538
1.62861E+12,540
1.62861E+12,458
1.62861E+12,485
1.62861E+12,460
1.62861E+12,497
1.62861E+12,462
1.62861E+12,382
1.62861E+12,483
1.62861E+12,401
1.62861E+12,447
1.62861E+12,448
1.62861E+12,502
1.62861E+12,457
1.62861E+12,466
1.62861E+12,397
1.62861E+12,415
1.62861E+12,436
1.62861E+12,730
1.62861E+12,578
1.62861E+12,505
1.62861E+12,543
1.62861E+12,419
1.62861E+12,452
1.62861E+12,483
1.62861E+12,381
1.62861E+12,489
1.62861E+12,582
1.62861E+12,503
1.62861E+12,429
1.62861E+12,474
1.62861E+12,710
1.62861E+12,518
1.62861E+12,602
1.62861E+12,518
1.62861E+12,520
1.62861E+12,528
1.62861E+12,641
1.62861E+12,487
1.62861E+12,462
1.62861E+12,661
1.62861E+12,482
1.62861E+12,460
1.62861E+12,530
1.62861E+12,404
1.62861E+12,484
1.62861E+12,442
1.62861E+12,503
1.62861E+12,302
1.62861E+12,408
1.62861E+12,468
1.62861E+12,502
1.62861E+12,502
1.62861E+12,398
1.62861E+12,560
1.62861E+12,471
1.62861E+12,501
1.62861E+12,517
1.62861E+12,461
1.62861E+12,760
1.62861E+12,548
1.62861E+12,548
1.62861E+12,480
1.62861E+12,472
1.62861E+12,561
1.62861E+12,472
1.62861E+12,377
1.62861E+12,384
1.62861E+12,484
1.62861E+12,468
1.62861E+12,462
1.62861E+12,473
1.62861E+12,442
1.62861E+12,542
1.62861E+12,418
1.62861E+12,419
1.62861E+12,568
1.62861E+12,451
1.62861E+12,368
1.62861E+12,489
1.62861E+12,508
1.62861E+12,514
1.62861E+12,429
1.62861E+12,512
1.62861E+12,517
1.62861E+12,527
1.62861E+12,458
1.62861E+12,377
1.62861E+12,462
1.62861E+12,475
1.62861E+12,599
1.62861E+12,462
1.62861E+12,460
1.62861E+12,543
1.62861E+12,642
1.62861E+12,508
1.62861E+12,444
1.62861E+12,479
1.62861E+12,571
1.62861E+12,450
1.62861E+12,412
1.62861E+12,343
1.62861E+12,439
1.62861E+12,488
1.62861E+12,265
1.62861E+12,478
1.62861E+12,491
1.62861E+12,551
1.62861E+12,516
1.62861E+12,502
1.62861E+12,527
1.62861E+12,398
1.62861E+12,405
1.62861E+12,506
1.62861E+12,452
1.62861E+12,523
1.62861E+12,378
1.62861E+12,527
1.62861E+12,365
1.62861E+12,491
1.62861E+12,472
1.62861E+12,455
1.62861E+12,405
1.62861E+12,391
1.62861E+12,444
1.62861E+12,464
1.62861E+12,636
1.62861E+12,469
1.62861E+12,468
1.62861E+12,604
1.62861E+12,413
1.62861E+12,401
1.62861E+12,417
1.62861E+12,447
1.62861E+12,468
1.62861E+12,494
1.62861E+12,510
1.62861E+12,450
1.62861E+12,519
1.62861E+12,598
1.62861E+12,438
1.62861E+12,475
1.62861E+12,473
1.62861E+12,356
1.62861E+12,328
1.62861E+12,389
1.62861E+12,469
1.62861E+12,433
1.62861E+12,448
1.62861E+12,432
1.62861E+12,423
1.62861E+12,483
1.62861E+12,658
1.62861E+12,479
1.62861E+12,517
1.62861E+12,475
1.62861E+12,494
1.62861E+12,503
1.62861E+12,520
1.62861E+12,573
1.62861E+12,428
1.62861E+12,389
1.62861E+12,475
1.62861E+12,378
1.62861E+12,413
1.62861E+12,566
1.62861E+12,577
1.62861E+12,463
1.62861E+12,448
1.62861E+12,483
1.62861E+12,493
1.62861E+12,454
1.62861E+12,512
1.62861E+12,386
1.62861E+12,449
1.62861E+12,362
1.62861E+12,411
1.62861E+12,601
1.62861E+12,448
1.62861E+12,465
1.62861E+12,447
1.62861E+12,542
1.62861E+12,441
1.62861E+12,466
1.62861E+12,619
1.62861E+12,496
1.62861E+12,505
1.62861E+12,505
1.62861E+12,527
1.62861E+12,454
1.62861E+12,407
1.62861E+12,456
1.62861E+12,546
1.62861E+12,326
1.62861E+12,497
1.62861E+12,567
1.62861E+12,448
1.62861E+12,480
1.62861E+12,483
1.62861E+12,489
1.62861E+12,479
1.62861E+12,457
1.62861E+12,533
1.62861E+12,382
1.62861E+12,520
1.62861E+12,459
1.62861E+12,462
1.62861E+12,483
1.62861E+12,5566
1.62861E+12,621
1.62861E+12,389
1.62861E+12,658
1.62861E+12,364
1.62861E+12,429
1.62861E+12,357
1.62861E+12,480
1.62861E+12,549
1.62861E+12,492
1.62861E+12,594
1.62861E+12,500
1.62861E+12,367
1.62861E+12,504
1.62861E+12,418
1.62861E+12,474
1.62861E+12,442
1.62861E+12,410
1.62861E+12,437
1.62861E+12,463
1.62861E+12,454
1.62861E+12,441
1.62861E+12,431
1.62861E+12,443
1.62861E+12,439
1.62861E+12,456
1.62861E+12,436
1.62861E+12,495
1.62861E+12,496
1.62861E+12,549
1.62861E+12,433
1.62861E+12,567
1.62861E+12,458
1.62861E+12,435
1.62861E+12,459
1.62861E+12,528
1.62861E+12,542
1.62861E+12,512
1.62861E+12,416
1.62861E+12,519
1.62861E+12,517
1.62861E+12,350
1.62861E+12,400
1.62861E+12,498
1.62861E+12,482
1.62861E+12,487
1.62861E+12,409
1.62861E+12,672
1.62861E+12,627
1.62861E+12,454
1.62861E+12,417
1.62861E+12,466
1.62861E+12,550
1.62861E+12,503
1.62861E+12,513
1.62861E+12,506
1.62861E+12,534
1.62861E+12,539
1.62861E+12,405
1.62861E+12,519
1.62861E+12,487
1.62861E+12,611
1.62861E+12,693
1.62861E+12,695
1.62861E+12,536
1.62861E+12,563
1.62861E+12,492
1.62861E+12,410
1.62861E+12,601
1.62861E+12,304
1.62861E+12,526
1.62861E+12,516
1.62861E+12,531
1.62861E+12,623
1.62861E+12,5538
1.62861E+12,578
1.62861E+12,5547
1.62861E+12,554
1.62861E+12,599
1.62861E+12,533
1.62861E+12,498
1.62861E+12,5574
1.62861E+12,542
1.62861E+12,518
1.62861E+12,384
1.62861E+12,5542
1.62861E+12,506
1.62861E+12,557
1.62861E+12,432
1.62861E+12,496
1.62861E+12,634
1.62861E+12,509
1.62861E+12,521
1.62861E+12,663
1.62861E+12,481
1.62861E+12,510
1.62861E+12,489
1.62861E+12,598
1.62861E+12,472
1.62861E+12,524
1.62861E+12,534
1.62861E+12,5630
1.62861E+12,5649
1.62861E+12,551
1.62861E+12,441
1.62861E+12,315
1.62861E+12,522
1.62861E+12,345
1.62861E+12,558
1.62861E+12,570
1.62861E+12,514
1.62861E+12,513
1.62861E+12,411
1.62861E+12,525
1.62861E+12,513
1.62861E+12,449
1.62861E+12,486
1.62861E+12,502
1.62861E+12,510
1.62861E+12,520
1.62861E+12,417
1.62861E+12,516
1.62861E+12,601
1.62861E+12,529
1.62861E+12,530
1.62861E+12,573
1.62861E+12,528
1.62861E+12,625
1.62861E+12,465
1.62861E+12,485
1.62861E+12,520
1.62861E+12,522
1.62861E+12,582
1.62861E+12,548
1.62861E+12,614
1.62861E+12,488
1.62861E+12,550
1.62861E+12,493
1.62861E+12,575
1.62861E+12,604
1.62861E+12,608
1.62861E+12,584
1.62861E+12,409
1.62861E+12,476
1.62861E+12,567
1.62861E+12,518
1.62861E+12,665
1.62861E+12,407
1.62861E+12,571
1.62861E+12,626
1.62861E+12,654
1.62861E+12,545
1.62861E+12,538
1.62861E+12,569
1.62861E+12,552
1.62861E+12,532
1.62861E+12,531
1.62861E+12,521
1.62861E+12,492
1.62861E+12,681
1.62861E+12,719
1.62861E+12,532
1.62861E+12,446
1.62861E+12,606
1.62861E+12,691
1.62861E+12,638
1.62861E+12,540
1.62861E+12,535
1.62861E+12,565
1.62861E+12,625
1.62861E+12,554
1.62861E+12,462
1.62861E+12,663
1.62861E+12,430
1.62861E+12,613
1.62861E+12,515
1.62861E+12,539
1.62861E+12,549
1.62861E+12,491
1.62861E+12,491
1.62861E+12,548
1.62861E+12,444
1.62861E+12,537
1.62861E+12,533
1.62861E+12,526
1.62861E+12,473
1.62861E+12,455
1.62861E+12,610
1.62861E+12,520
1.62861E+12,552
1.62861E+12,645
1.62861E+12,542
1.62861E+12,544
1.62861E+12,574
1.62861E+12,461
1.62861E+12,406
1.62861E+12,559
1.62861E+12,592
1.62861E+12,500
1.62861E+12,566
1.62861E+12,600
1.62861E+12,513
1.62861E+12,509
1.62861E+12,626
1.62861E+12,405
1.62861E+12,274
1.62861E+12,496
1.62861E+12,417
1.62861E+12,454
1.62861E+12,509
1.62861E+12,616
1.62861E+12,525
1.62861E+12,581
1.62861E+12,358
1.62861E+12,731
1.62861E+12,516
1.62861E+12,585
1.62861E+12,473
1.62861E+12,454
1.62861E+12,448
1.62861E+12,570
1.62861E+12,520
1.62861E+12,442
1.62861E+12,657
1.62861E+12,521
1.62861E+12,569
1.62861E+12,498
1.62861E+12,532
1.62861E+12,345
1.62861E+12,411
1.62861E+12,411
1.62861E+12,510
1.62861E+12,544
1.62861E+12,553
1.62861E+12,792
1.62861E+12,624
1.62861E+12,544
1.62861E+12,544
1.62861E+12,364
1.62861E+12,520
1.62861E+12,510
1.62861E+12,478
1.62861E+12,524
1.62861E+12,555
1.62861E+12,567
1.62861E+12,639
1.62861E+12,459
1.62861E+12,422
1.62861E+12,580
1.62861E+12,567
1.62861E+12,501
1.62861E+12,529
1.62861E+12,537
1.62861E+12,531
1.62861E+12,565
1.62861E+12,484
1.62861E+12,432
1.62861E+12,421
1.62861E+12,441
1.62861E+12,579
1.62861E+12,296
1.62861E+12,512
1.62861E+12,497
1.62861E+12,597
1.62861E+12,414
1.62861E+12,641
1.62861E+12,487
1.62861E+12,671
1.62861E+12,478
1.62861E+12,561
1.62861E+12,465
1.62861E+12,412
1.62861E+12,473
1.62861E+12,345
1.62861E+12,643
1.62861E+12,436
1.62861E+12,493
1.62861E+12,509
1.62861E+12,773
1.62861E+12,512
1.62861E+12,459
1.62861E+12,549
1.62861E+12,329
1.62861E+12,494
1.62861E+12,433
1.62861E+12,428
1.62861E+12,420
1.62861E+12,521
1.62861E+12,560
1.62861E+12,628
1.62861E+12,585
1.62861E+12,483
1.62861E+12,628
1.62861E+12,678
1.62861E+12,436
1.62861E+12,558
1.62861E+12,643
1.62861E+12,418
1.62861E+12,488
1.62861E+12,435
1.62861E+12,520
1.62861E+12,612
1.62861E+12,668
1.62861E+12,513
1.62861E+12,511
1.62861E+12,500
1.62861E+12,498
1.62861E+12,574
1.62861E+12,490
1.62861E+12,501
1.62861E+12,432
1.62861E+12,712
1.62861E+12,539
1.62861E+12,404
1.62861E+12,607
1.62861E+12,544
1.62861E+12,550
1.62861E+12,666
1.62861E+12,609
1.62861E+12,602
1.62861E+12,635
1.62861E+12,512
1.62861E+12,445
1.62861E+12,463
1.62861E+12,518
1.62861E+12,643
1.62861E+12,355
1.62861E+12,430
1.62861E+12,366
1.62861E+12,548
1.62861E+12,471
1.62861E+12,498
1.62861E+12,523
1.62861E+12,534
1.62861E+12,446
1.62861E+12,524
1.62861E+12,805
1.62861E+12,428
1.62861E+12,584
1.62861E+12,569
1.62861E+12,422
1.62861E+12,593
1.62861E+12,385
1.62861E+12,502
1.62861E+12,517
1.62861E+12,648
1.62861E+12,683
1.62861E+12,415
1.62861E+12,504
1.62861E+12,634
1.62861E+12,457
1.62861E+12,414
1.62861E+12,592
1.62861E+12,654
1.62861E+12,443
1.62861E+12,562
1.62861E+12,551
1.62861E+12,565
1.62861E+12,732
1.62861E+12,516
1.62861E+12,590
1.62861E+12,467
1.62861E+12,469
1.62861E+12,608
1.62861E+12,592
1.62861E+12,599
1.62861E+12,440
1.62861E+12,497
1.62861E+12,414
1.62861E+12,829
1.62861E+12,511
1.62861E+12,431
1.62861E+12,586
1.62861E+12,589
1.62861E+12,515
1.62861E+12,505
1.62861E+12,519
1.62861E+12,486
1.62861E+12,588
1.62861E+12,522
1.62861E+12,630
1.62861E+12,593
1.62861E+12,313
1.62861E+12,408
1.62861E+12,421
1.62861E+12,490
1.62861E+12,517
1.62861E+12,541
1.62861E+12,596
1.62861E+12,534
1.62861E+12,5393
1.62861E+12,593
1.62861E+12,421
1.62861E+12,379
1.62861E+12,510
1.62861E+12,627
1.62861E+12,506
1.62861E+12,513
1.62861E+12,497
1.62861E+12,495
1.62861E+12,452
1.62861E+12,5507
1.62861E+12,583
1.62861E+12,482
1.62861E+12,512
1.62861E+12,631
1.62861E+12,483
1.62861E+12,483
1.62861E+12,497
1.62861E+12,426
1.62861E+12,525
1.62861E+12,664
1.62861E+12,598
1.62861E+12,530
1.62861E+12,490
1.62861E+12,597
1.62861E+12,485
1.62861E+12,532
1.62861E+12,507
1.62861E+12,513
1.62861E+12,587
1.62861E+12,596
1.62861E+12,548
1.62861E+12,606
1.62861E+12,747
1.62861E+12,422
1.62861E+12,646
1.62861E+12,522
1.62861E+12,518
1.62861E+12,502
1.62861E+12,407
1.62861E+12,526
1.62861E+12,494
1.62861E+12,415
1.62861E+12,527
1.62861E+12,413
1.62861E+12,563
1.62861E+12,475
1.62861E+12,516
1.62861E+12,478
1.62861E+12,591
1.62861E+12,414
1.62861E+12,614
1.62861E+12,515
1.62861E+12,532
1.62861E+12,527
1.62861E+12,510
1.62861E+12,535
1.62861E+12,473
1.62861E+12,565
1.62861E+12,371
1.62861E+12,577
1.62861E+12,428
1.62861E+12,526
1.62861E+12,511
1.62861E+12,648
1.62861E+12,437
1.62861E+12,509
1.62861E+12,423
1.62861E+12,641
1.62861E+12,576
1.62861E+12,420
1.62861E+12,529
1.62861E+12,546
1.62861E+12,547
1.62861E+12,463
1.62861E+12,460
1.62861E+12,470
1.62861E+12,435
1.62861E+12,382
1.62861E+12,554
1.62861E+12,579
1.62861E+12,533
1.62861E+12,575
1.62861E+12,519
1.62861E+12,500
1.62861E+12,377
1.62861E+12,588
1.62861E+12,567
1.62861E+12,594
1.62861E+12,528
1.62861E+12,636
1.62861E+12,586
1.62861E+12,582
1.62861E+12,433
1.62861E+12,667
1.62861E+12,444
1.62861E+12,332
1.62861E+12,447
1.62861E+12,723
1.62861E+12,733
1.62861E+12,399
1.62861E+12,519
1.62861E+12,762
1.62861E+12,608
1.62861E+12,584
1.62861E+12,579
1.62861E+12,493
1.62861E+12,626
1.62861E+12,636
1.62861E+12,427
1.62861E+12,544
1.62861E+12,697
1.62861E+12,445
1.62861E+12,672
1.62861E+12,625
1.62861E+12,452
1.62861E+12,450
1.62861E+12,707
1.62861E+12,613
1.62861E+12,610
1.62861E+12,540
1.62861E+12,611
1.62861E+12,486
1.62861E+12,600
1.62861E+12,528
1.62861E+12,614
1.62861E+12,595
1.62861E+12,606
1.62861E+12,515
1.62861E+12,519
1.62861E+12,510
1.62861E+12,614
1.62861E+12,506
1.62861E+12,603
1.62861E+12,523
1.62861E+12,609
1.62861E+12,597
1.62861E+12,519
1.62861E+12,454
1.62861E+12,660
1.62861E+12,510
1.62861E+12,459
1.62861E+12,592
1.62861E+12,436
1.62861E+12,572
1.62861E+12,553
1.62861E+12,426
1.62861E+12,432
1.62861E+12,562
1.62861E+12,710
1.62861E+12,650
1.62861E+12,462
1.62861E+12,435
1.62861E+12,529
1.62861E+12,410
1.62861E+12,388
1.62861E+12,399
1.62861E+12,509
1.62861E+12,494
1.62861E+12,410
1.62861E+12,458
1.62861E+12,544
1.62861E+12,689
1.62861E+12,578
1.62861E+12,384
1.62861E+12,608
1.62861E+12,621
1.62861E+12,521
1.62861E+12,506
1.62861E+12,527
1.62861E+12,526
1.62861E+12,665
1.62861E+12,425
1.62861E+12,686
1.62861E+12,479
1.62861E+12,512
1.62861E+12,453
1.62861E+12,491
1.62861E+12,465
1.62861E+12,481
1.62861E+12,461
1.62861E+12,425
1.62861E+12,474
1.62861E+12,366
1.62861E+12,312
1.62861E+12,434
1.62861E+12,426
1.62861E+12,397
1.62861E+12,431
1.62861E+12,516
1.62861E+12,394
1.62861E+12,623
1.62861E+12,409
1.62861E+12,419
1.62861E+12,533
1.62861E+12,434
1.62861E+12,578
1.62861E+12,536
1.62861E+12,454
1.62861E+12,646
1.62861E+12,399
1.62861E+12,312
1.62861E+12,426
1.62861E+12,520
1.62861E+12,640
1.62861E+12,579
1.62861E+12,556
1.62861E+12,645
1.62861E+12,454
1.62861E+12,472
1.62861E+12,521
1.62861E+12,666
1.62861E+12,517
1.62861E+12,365
1.62861E+12,483
1.62861E+12,628
1.62861E+12,630
1.62861E+12,532
1.62861E+12,569
1.62861E+12,608
1.62861E+12,538
1.62861E+12,5499
1.62861E+12,690
1.62861E+12,627
1.62861E+12,577
1.62861E+12,578
1.62861E+12,486
1.62861E+12,479
1.62861E+12,514
1.62861E+12,548
1.62861E+12,510
1.62861E+12,543
1.62861E+12,618
1.62861E+12,481
1.62861E+12,517
1.62861E+12,413
1.62861E+12,637
1.62861E+12,629
1.62861E+12,638
1.62861E+12,324
1.62861E+12,452
1.62861E+12,511
1.62861E+12,456
1.62861E+12,585
1.62861E+12,487
1.62861E+12,746
1.62861E+12,392
1.62861E+12,683
1.62861E+12,462
1.62861E+12,643
1.62861E+12,527
1.62861E+12,516
1.62861E+12,487
1.62861E+12,546
1.62861E+12,850
1.62861E+12,808
1.62861E+12,529
1.62861E+12,580
1.62861E+12,526
1.62861E+12,860
1.62861E+12,460
1.62861E+12,540
1.62861E+12,371
1.62861E+12,562
1.62861E+12,648
1.62861E+12,515
1.62861E+12,611
1.62861E+12,488
1.62861E+12,447
1.62861E+12,441
1.62861E+12,467
1.62861E+12,551
1.62861E+12,508
1.62861E+12,458
1.62861E+12,639
1.62861E+12,465
1.62861E+12,516
1.62861E+12,540
1.62861E+12,530
1.62861E+12,526
1.62861E+12,530
1.62861E+12,533
1.62861E+12,538
1.62861E+12,399
1.62861E+12,569
1.62861E+12,416
1.62861E+12,525
1.62861E+12,547
1.62861E+12,531
1.62861E+12,434
1.62861E+12,489
1.62861E+12,515
1.62861E+12,617
1.62861E+12,436
1.62861E+12,608
1.62861E+12,465
1.62861E+12,639
1.62861E+12,430
1.62861E+12,499
1.62861E+12,511
1.62861E+12,606
1.62861E+12,665
1.62861E+12,544
1.62861E+12,501
1.62861E+12,436
1.62861E+12,446
1.62861E+12,609
1.62861E+12,631
1.62861E+12,494
1.62861E+12,640
1.62861E+12,524
1.62861E+12,533
1.62861E+12,688
1.62861E+12,426
1.62861E+12,571
1.62861E+12,536
1.62861E+12,430
1.62861E+12,461
1.62861E+12,331
1.62861E+12,503
1.62861E+12,647
1.62861E+12,474
1.62861E+12,606
1.62861E+12,562
1.62861E+12,542
1.62861E+12,665
1.62861E+12,457
1.62861E+12,548
1.62861E+12,491
1.62861E+12,562
1.62861E+12,469
1.62861E+12,612
1.62861E+12,652
1.62861E+12,538
1.62861E+12,587
1.62861E+12,590
1.62861E+12,540
1.62861E+12,631
1.62861E+12,554
1.62861E+12,530
1.62861E+12,649
1.62861E+12,541
1.62861E+12,540
1.62861E+12,366
1.62861E+12,553
1.62861E+12,491
1.62861E+12,581
1.62861E+12,482
1.62861E+12,464
1.62861E+12,699
1.62861E+12,629
1.62861E+12,648
1.62861E+12,484
1.62861E+12,374
1.62861E+12,523
1.62861E+12,495
1.62861E+12,366
1.62861E+12,453
1.62861E+12,532
1.62861E+12,468
1.62861E+12,559
1.62861E+12,724
1.62861E+12,538
1.62861E+12,368
1.62861E+12,541
1.62861E+12,675
1.62861E+12,387
1.62861E+12,485
1.62861E+12,556
1.62861E+12,493
1.62861E+12,361
1.62861E+12,424
1.62861E+12,484
1.62861E+12,569
1.62861E+12,652
1.62861E+12,406
1.62861E+12,722
1.62861E+12,513
1.62861E+12,516
1.62861E+12,605
1.62861E+12,508
1.62861E+12,435
1.62861E+12,464
1.62861E+12,508
1.62861E+12,612
1.62861E+12,545
1.62861E+12,401
1.62861E+12,547
1.62861E+12,586
1.62861E+12,493
1.62861E+12,418
1.62861E+12,589
1.62861E+12,659
1.62861E+12,592
1.62861E+12,586
1.62861E+12,620
1.62861E+12,645
1.62861E+12,603
1.62861E+12,459
1.62861E+12,550
1.62861E+12,594
1.62861E+12,495
1.62861E+12,560
1.62861E+12,504
1.62861E+12,401
1.62861E+12,518
1.62861E+12,350
1.62861E+12,517
1.62861E+12,783
1.62861E+12,555
1.62861E+12,566
1.62861E+12,504
1.62861E+12,512
1.62861E+12,539
1.62861E+12,623
1.62861E+12,563
1.62861E+12,529
1.62861E+12,599
1.62861E+12,417
1.62861E+12,461
1.62861E+12,522
1.62861E+12,864
1.62861E+12,524
1.62861E+12,493
1.62861E+12,503
1.62861E+12,517
1.62861E+12,619
1.62861E+12,520
1.62861E+12,367
1.62861E+12,534
1.62861E+12,516
1.62861E+12,535
1.62861E+12,497
1.62861E+12,510
1.62861E+12,5638
1.62861E+12,589
1.62861E+12,433
1.62861E+12,421
1.62861E+12,546
1.62861E+12,445
1.62861E+12,540
1.62861E+12,612
1.62861E+12,5532
1.62861E+12,537
1.62861E+12,503
1.62861E+12,633
1.62861E+12,481
1.62861E+12,506
1.62861E+12,480
1.62861E+12,509
1.62861E+12,551
1.62861E+12,632
1.62861E+12,463
1.62861E+12,643
1.62861E+12,589
1.62861E+12,575
1.62861E+12,372
1.62861E+12,572
1.62861E+12,482
1.62861E+12,576
1.62861E+12,666
1.62861E+12,612
1.62861E+12,553
1.62861E+12,684
1.62861E+12,498
1.62861E+12,485
1.62861E+12,557
1.62861E+12,635
1.62861E+12,574
1.62861E+12,604
1.62861E+12,577
1.62861E+12,565
1.62861E+12,615
1.62861E+12,674
1.62861E+12,569
1.62861E+12,697
1.62861E+12,550
1.62861E+12,526
1.62861E+12,587
1.62861E+12,441
1.62861E+12,578
1.62861E+12,691
1.62861E+12,512
1.62861E+12,574
1.62861E+12,590
1.62861E+12,681
1.62861E+12,472
1.62861E+12,577
1.62861E+12,657
1.62861E+12,587
1.62861E+12,611
1.62861E+12,481
1.62861E+12,590
1.62861E+12,580
1.62861E+12,896
1.62861E+12,729
1.62861E+12,583
1.62861E+12,574
1.62861E+12,574
1.62861E+12,560
1.62861E+12,552
1.62861E+12,590
1.62861E+12,546
1.62861E+12,737
1.62861E+12,567
1.62861E+12,587
1.62861E+12,449
1.62861E+12,456
1.62861E+12,576
1.62861E+12,772
1.62861E+12,576
1.62861E+12,533
1.62861E+12,442
1.62861E+12,646
1.62861E+12,619
1.62861E+12,594
1.62861E+12,538
1.62861E+12,531
1.62861E+12,669
1.62861E+12,620
1.62861E+12,604
1.62861E+12,577
1.62861E+12,501
1.62861E+12,522
1.62861E+12,567
1.62861E+12,568
1.62861E+12,511
1.62861E+12,587
1.62861E+12,509
1.62861E+12,622
1.62861E+12,550
1.62861E+12,658
1.62861E+12,565
1.62861E+12,694
1.62861E+12,566
1.62861E+12,554
1.62861E+12,569
1.62861E+12,637
1.62861E+12,647
1.62861E+12,585
1.62861E+12,600
1.62861E+12,584
1.62861E+12,562
1.62861E+12,619
1.62861E+12,590
1.62861E+12,615
1.62861E+12,599
1.62861E+12,476
1.62861E+12,534
1.62861E+12,766
1.62861E+12,606
1.62861E+12,488
1.62861E+12,546
1.62861E+12,492
1.62861E+12,625
1.62861E+12,492
1.62861E+12,453
1.62861E+12,445
1.62861E+12,535
1.62861E+12,562
1.62861E+12,553
1.62861E+12,575
1.62861E+12,695
1.62861E+12,566
1.62861E+12,453
1.62861E+12,533
1.62861E+12,530
1.62861E+12,639
1.62861E+12,480
1.62861E+12,557
1.62861E+12,607
1.62861E+12,454
1.62861E+12,477
1.62861E+12,515
1.62861E+12,381
1.62861E+12,419
1.62861E+12,480
1.62861E+12,551
1.62861E+12,555
1.62861E+12,465
1.62861E+12,467
1.62861E+12,464
1.62861E+12,480
1.62861E+12,482
1.62861E+12,504
1.62861E+12,470
1.62861E+12,465
1.62861E+12,607
1.62861E+12,452
1.62861E+12,432
1.62861E+12,522
1.62861E+12,534
1.62861E+12,518
1.62861E+12,544
1.62861E+12,557
1.62861E+12,520
1.62861E+12,479
1.62861E+12,420
1.62861E+12,591
1.62861E+12,534
1.62861E+12,582
1.62861E+12,425
1.62861E+12,604
1.62861E+12,601
1.62861E+12,608
1.62861E+12,569
1.62861E+12,437
1.62861E+12,582
1.62861E+12,530
1.62861E+12,539
1.62861E+12,464
1.62861E+12,623
1.62861E+12,514
1.62861E+12,608
1.62861E+12,574
1.62861E+12,609
1.62861E+12,685
1.62861E+12,588
1.62861E+12,575
1.62861E+12,567
1.62861E+12,591
1.62861E+12,372
1.62861E+12,425
1.62861E+12,593
1.62861E+12,591
1.62861E+12,592
1.62861E+12,558
1.62861E+12,438
1.62861E+12,656
1.62861E+12,549
1.62861E+12,634
1.62861E+12,492
1.62861E+12,370
1.62861E+12,413
1.62861E+12,546
1.62861E+12,364
1.62861E+12,610
1.62861E+12,525
1.62861E+12,776
1.62861E+12,520
1.62861E+12,531
1.62861E+12,340
1.62861E+12,438
1.62861E+12,589
1.62861E+12,628
1.62861E+12,489
1.62861E+12,383
1.62861E+12,523
1.62861E+12,598
1.62861E+12,461
1.62861E+12,612
1.62861E+12,526
1.62861E+12,492
1.62861E+12,628
1.62861E+12,571
1.62861E+12,616
1.62861E+12,531
1.62861E+12,644
1.62861E+12,421
1.62861E+12,514
1.62861E+12,454
1.62861E+12,635
1.62861E+12,523
1.62861E+12,556
1.62861E+12,594
1.62861E+12,501
1.62861E+12,496
1.62861E+12,496
1.62861E+12,511
1.62861E+12,543
1.62861E+12,522
1.62861E+12,414
1.62861E+12,621
1.62861E+12,549
1.62861E+12,512
1.62861E+12,523
1.62861E+12,537
1.62861E+12,505
1.62861E+12,502
1.62861E+12,513
1.62861E+12,502
1.62861E+12,495
1.62861E+12,597
1.62861E+12,485
1.62861E+12,609
1.62861E+12,442
1.62861E+12,486
1.62861E+12,540
1.62861E+12,502
1.62861E+12,585
1.62861E+12,759
1.62861E+12,499
1.62861E+12,435
1.62861E+12,413
1.62861E+12,517
1.62861E+12,338
1.62861E+12,433
1.62861E+12,526
1.62861E+12,397
1.62861E+12,793
1.62861E+12,647
1.62861E+12,512
1.62861E+12,511
1.62861E+12,597
1.62861E+12,510
1.62861E+12,503
1.62861E+12,422
1.62861E+12,389
1.62861E+12,386
1.62861E+12,500
1.62861E+12,570
1.62861E+12,535
1.62861E+12,505
1.62861E+12,510
1.62861E+12,501
1.62861E+12,513
1.62861E+12,394
1.62861E+12,564
1.62861E+12,523
1.62861E+12,434
1.62861E+12,496
1.62861E+12,524
1.62861E+12,427
1.62861E+12,422
1.62861E+12,589
1.62861E+12,455
1.62861E+12,450
1.62861E+12,562
1.62861E+12,517
1.62861E+12,557
1.62861E+12,520
1.62861E+12,451
1.62861E+12,415
1.62861E+12,464
1.62861E+12,628
1.62861E+12,498
1.62861E+12,575
1.62861E+12,571
1.62861E+12,545
1.62861E+12,530
1.62861E+12,564
1.62861E+12,369
1.62861E+12,343
1.62861E+12,584
1.62861E+12,577
1.62861E+12,517
1.62861E+12,561
1.62861E+12,516
1.62861E+12,566
1.62861E+12,654
1.62861E+12,539
1.62861E+12,480
1.62861E+12,518
1.62861E+12,526
1.62861E+12,731
1.62861E+12,582
1.62861E+12,636
1.62861E+12,582
1.62861E+12,546
1.62861E+12,417
1.62861E+12,523
1.62861E+12,796
1.62861E+12,506
1.62861E+12,433
1.62861E+12,410
1.62861E+12,504
1.62861E+12,629
1.62861E+12,520
1.62861E+12,502
1.62861E+12,601
1.62861E+12,536
1.62861E+12,595
1.62861E+12,437
1.62861E+12,492
1.62861E+12,467
1.62861E+12,559
1.62861E+12,456
1.62861E+12,419
1.62861E+12,433
1.62861E+12,538
1.62861E+12,551
1.62861E+12,491
1.62861E+12,568
1.62861E+12,534
1.62861E+12,594
1.62861E+12,599
1.62861E+12,461
1.62861E+12,465
1.62861E+12,492
1.62861E+12,5511
1.62861E+12,387
1.62861E+12,462
1.62861E+12,670
1.62861E+12,508
1.62861E+12,488
1.62861E+12,412
1.62861E+12,519
1.62861E+12,408
1.62861E+12,578
1.62861E+12,407
1.62861E+12,401
1.62861E+12,570
1.62861E+12,585
1.62861E+12,501
1.62861E+12,623
1.62861E+12,539
1.62861E+12,1127
1.62861E+12,473
1.62861E+12,629
1.62861E+12,422
1.62861E+12,552
1.62861E+12,578
1.62861E+12,574
1.62861E+12,265
1.62861E+12,523
1.62861E+12,622
1.62861E+12,553
1.62861E+12,689
1.62861E+12,496
1.62861E+12,513
1.62861E+12,480
1.62861E+12,679
1.62861E+12,476
1.62861E+12,470
1.62861E+12,370
1.62861E+12,540
1.62861E+12,546
1.62861E+12,586
1.62861E+12,737
1.62861E+12,590
1.62861E+12,456
1.62861E+12,826
1.62861E+12,486
1.62861E+12,606
1.62861E+12,401
1.62861E+12,470
1.62861E+12,472
1.62861E+12,342
1.62861E+12,872
1.62861E+12,440
1.62861E+12,555
1.62861E+12,718
1.62861E+12,408
1.62861E+12,614
1.62861E+12,381
1.62861E+12,487
1.62861E+12,652
1.62861E+12,639
1.62861E+12,653
1.62861E+12,367
1.62861E+12,403
1.62861E+12,358
1.62861E+12,256
1.62861E+12,509
1.62861E+12,548
1.62861E+12,410
1.62861E+12,406
1.62861E+12,634
1.62861E+12,594
1.62861E+12,297
1.62861E+12,325
1.62861E+12,471
1.62861E+12,318
1.62861E+12,377
1.62861E+12,368
1.62861E+12,400
1.62861E+12,615
1.62861E+12,383
1.62861E+12,476
1.62861E+12,401
1.62861E+12,386
1.62861E+12,573
1.62861E+12,433
1.62861E+12,427
1.62861E+12,402
1.62861E+12,429
1.62861E+12,376
1.62861E+12,453
1.62861E+12,423
1.62861E+12,388
1.62861E+12,409
1.62861E+12,471
1.62861E+12,438
1.62861E+12,448
1.62861E+12,465
1.62861E+12,433
1.62861E+12,467
1.62861E+12,520
1.62861E+12,528
1.62861E+12,504
1.62861E+12,463
1.62861E+12,544
1.62861E+12,556
1.62861E+12,496
1.62861E+12,562
1.62861E+12,499
1.62861E+12,573
1.62861E+12,490
1.62861E+12,571
1.62861E+12,547
1.62861E+12,599
1.62861E+12,630
1.62861E+12,492
1.62861E+12,508
1.62861E+12,529
1.62861E+12,611
1.62861E+12,589
1.62861E+12,501
1.62861E+12,551
1.62861E+12,617
1.62861E+12,636
1.62861E+12,658
1.62861E+12,649
1.62861E+12,560
1.62861E+12,547
1.62861E+12,602
1.62861E+12,477
1.62861E+12,512
1.62861E+12,560
1.62861E+12,628
1.62861E+12,578
1.62861E+12,659
1.62861E+12,508
1.62861E+12,601
1.62861E+12,689
1.62861E+12,707
1.62861E+12,592
1.62861E+12,551
1.62861E+12,559
1.62861E+12,651
1.62861E+12,509
1.62861E+12,684
1.62861E+12,552
1.62861E+12,793
1.62861E+12,662
1.62861E+12,626
1.62861E+12,656
1.62861E+12,708
1.62861E+12,741
1.62861E+12,725
1.62861E+12,723
1.62861E+12,636
1.62861E+12,929
1.62861E+12,756
1.62861E+12,794
1.62861E+12,724
1.62861E+12,657
1.62861E+12,776
1.62861E+12,665
1.62861E+12,735
1.62861E+12,732
1.62861E+12,719
1.62861E+12,613
1.62861E+12,650
1.62861E+12,617
1.62861E+12,664
1.62861E+12,514
1.62861E+12,643
1.62861E+12,480
1.62861E+12,544
1.62861E+12,754
1.62861E+12,773
1.62861E+12,602
1.62861E+12,519
1.62861E+12,492
1.62861E+12,735
1.62861E+12,615
1.62861E+12,587
1.62861E+12,623
1.62861E+12,447
1.62861E+12,652
1.62861E+12,583
1.62861E+12,506
1.62861E+12,755
1.62861E+12,1030
1.62861E+12,596
1.62861E+12,710
1.62861E+12,668
1.62861E+12,706
1.62861E+12,407
1.62861E+12,543
1.62861E+12,662
1.62861E+12,419
1.62861E+12,473
1.62861E+12,747
1.62861E+12,483
1.62861E+12,484
1.62861E+12,592
1.62861E+12,475
1.62861E+12,5416
1.62861E+12,569
1.62861E+12,467
1.62861E+12,520
1.62861E+12,597
1.62861E+12,607
1.62861E+12,540
1.62861E+12,587
1.62861E+12,503
1.62861E+12,538
1.62861E+12,526
1.62861E+12,578
1.62861E+12,525
1.62861E+12,864
1.62861E+12,785
1.62861E+12,822
1.62861E+12,790
1.62861E+12,825
1.62861E+12,791
1.62861E+12,651
1.62861E+12,756
1.62861E+12,700
1.62861E+12,683
1.62861E+12,569
1.62861E+12,659
1.62861E+12,660
1.62861E+12,669
1.62861E+12,634
1.62861E+12,674
1.62861E+12,640
1.62861E+12,643
1.62861E+12,701
1.62861E+12,586
1.62861E+12,665
1.62861E+12,600
1.62861E+12,838
1.62861E+12,626
1.62861E+12,615
1.62861E+12,940
1.62861E+12,603
1.62861E+12,633
1.62861E+12,637
1.62861E+12,648
1.62861E+12,587
1.62861E+12,514
1.62861E+12,619
1.62861E+12,616
1.62861E+12,470
1.62861E+12,641
1.62861E+12,454
1.62861E+12,628
1.62861E+12,462
1.62861E+12,368
1.62861E+12,512
1.62861E+12,510
1.62861E+12,667
1.62861E+12,542
1.62861E+12,459
1.62861E+12,578
1.62861E+12,540
1.62861E+12,505
1.62861E+12,494
1.62861E+12,515
1.62861E+12,534
1.62861E+12,535
1.62861E+12,608
1.62861E+12,575
1.62861E+12,579
1.62861E+12,576
1.62861E+12,615
1.62861E+12,633
1.62861E+12,611
1.62861E+12,605
1.62861E+12,637
1.62861E+12,597
1.62861E+12,616
1.62861E+12,663
1.62861E+12,707
1.62861E+12,721
1.62861E+12,721
1.62861E+12,721
1.62861E+12,684
1.62861E+12,708
1.62861E+12,735
1.62861E+12,735
1.62861E+12,5498
1.62861E+12,553
1.62861E+12,697
1.62861E+12,659
1.62861E+12,741
1.62861E+12,777
1.62861E+12,766
1.62861E+12,691
1.62861E+12,567
1.62861E+12,805
1.62861E+12,862
1.62861E+12,778
1.62861E+12,637
1.62861E+12,597
1.62861E+12,650
1.62861E+12,765
1.62861E+12,749
1.62861E+12,585
1.62861E+12,471
1.62861E+12,535
1.62861E+12,460
1.62861E+12,613
1.62861E+12,453
1.62861E+12,829
1.62861E+12,503
1.62861E+12,557
1.62861E+12,728
1.62861E+12,730
1.62861E+12,555
1.62861E+12,576
1.62861E+12,693
1.62861E+12,543
1.62861E+12,682
1.62861E+12,718
1.62861E+12,464
1.62861E+12,690
1.62861E+12,749
1.62861E+12,466
1.62861E+12,636
1.62861E+12,536
1.62861E+12,640
1.62861E+12,555
1.62861E+12,541
1.62861E+12,556
1.62861E+12,554
1.62861E+12,612
1.62861E+12,538
1.62861E+12,563
1.62861E+12,656
1.62861E+12,675
1.62861E+12,518
1.62861E+12,528
1.62861E+12,466
1.62861E+12,897
1.62861E+12,616
1.62861E+12,643
1.62861E+12,660
1.62861E+12,647
1.62861E+12,697
1.62861E+12,677
1.62861E+12,701
1.62861E+12,731
1.62861E+12,487
1.62861E+12,731
1.62861E+12,637
1.62861E+12,476
1.62861E+12,884
1.62861E+12,940
1.62861E+12,5508
1.62861E+12,511
1.62861E+12,735
1.62861E+12,642
1.62861E+12,685
1.62861E+12,582
1.62861E+12,620
1.62861E+12,730
1.62861E+12,524
1.62861E+12,537
1.62861E+12,659
1.62861E+12,402
1.62861E+12,773
1.62861E+12,551
1.62861E+12,804
1.62861E+12,598
1.62861E+12,901
1.62861E+12,681
1.62861E+12,769
1.62861E+12,769
1.62861E+12,592
1.62861E+12,723
1.62861E+12,740
1.62861E+12,487
1.62861E+12,617
1.62861E+12,501
1.62861E+12,475
1.62861E+12,561
1.62861E+12,579
1.62861E+12,682
1.62861E+12,580
1.62861E+12,507
1.62861E+12,438
1.62861E+12,342
1.62861E+12,858
1.62861E+12,837
1.62861E+12,433
1.62861E+12,569
1.62861E+12,529
1.62861E+12,573
1.62861E+12,479
1.62861E+12,474
1.62861E+12,493
1.62861E+12,440
1.62861E+12,441
1.62861E+12,457
1.62861E+12,529
1.62861E+12,577
1.62861E+12,591
1.62861E+12,565
1.62861E+12,420
1.62861E+12,540
1.62861E+12,379
1.62861E+12,484
1.62861E+12,536
1.62861E+12,462
1.62861E+12,442
1.62861E+12,562
1.62861E+12,661
1.62861E+12,508
1.62861E+12,503
1.62861E+12,476
1.62861E+12,494
1.62861E+12,553
1.62861E+12,539
1.62861E+12,503
1.62861E+12,557
1.62861E+12,699
1.62861E+12,473
1.62861E+12,544
1.62861E+12,593
1.62861E+12,584
1.62861E+12,433
1.62861E+12,577
1.62861E+12,571
1.62861E+12,524
1.62861E+12,528
1.62861E+12,671
1.62861E+12,581
1.62861E+12,591
1.62861E+12,564
1.62861E+12,668
1.62861E+12,719
1.62861E+12,577
1.62861E+12,528
1.62861E+12,476
1.62861E+12,509
1.62861E+12,567
1.62861E+12,592
1.62861E+12,526
1.62861E+12,594
1.62861E+12,659
1.62861E+12,593
1.62861E+12,570
1.62861E+12,484
1.62861E+12,609
1.62861E+12,590
1.62861E+12,736
1.62861E+12,605
1.62861E+12,612
1.62861E+12,606
1.62861E+12,601
1.62861E+12,718
1.62861E+12,596
1.62861E+12,575
1.62861E+12,542
1.62861E+12,661
1.62861E+12,574
1.62861E+12,686
1.62861E+12,741
1.62861E+12,556
1.62861E+12,464
1.62861E+12,763
1.62861E+12,435
1.62861E+12,601
1.62861E+12,564
1.62861E+12,686
1.62861E+12,673
1.62861E+12,810
1.62861E+12,628
1.62861E+12,517
1.62861E+12,868
1.62861E+12,425
1.62861E+12,590
1.62861E+12,532
1.62861E+12,660
1.62861E+12,700
1.62861E+12,714
1.62861E+12,457
1.62861E+12,807
1.62861E+12,826
1.62861E+12,787
1.62861E+12,698
1.62861E+12,554
1.62861E+12,472
1.62861E+12,513
1.62861E+12,504
1.62861E+12,472
1.62861E+12,634
1.62861E+12,456
1.62861E+12,468
1.62861E+12,694
1.62861E+12,821
1.62861E+12,545
1.62861E+12,662
1.62861E+12,550
1.62861E+12,560
1.62861E+12,520
1.62861E+12,581
1.62861E+12,460
1.62861E+12,379
1.62861E+12,474
1.62861E+12,847
1.62861E+12,583
1.62861E+12,495
1.62861E+12,470
1.62861E+12,381
1.62861E+12,468
1.62861E+12,406
1.62861E+12,699
1.62861E+12,483
1.62861E+12,598
1.62861E+12,460
1.62861E+12,629
1.62861E+12,481
1.62861E+12,550
1.62861E+12,471
1.62861E+12,431
1.62861E+12,463
1.62861E+12,454
1.62861E+12,586
1.62861E+12,500
1.62861E+12,463
1.62861E+12,519
1.62861E+12,502
1.62861E+12,553
1.62861E+12,488
1.62861E+12,637
1.62861E+12,463
1.62861E+12,548
1.62861E+12,516
1.62861E+12,587
1.62861E+12,486
1.62861E+12,482
1.62861E+12,513
1.62861E+12,522
1.62861E+12,546
1.62861E+12,511
1.62861E+12,516
1.62861E+12,573
1.62861E+12,578
1.62861E+12,562
1.62861E+12,592
1.62861E+12,619
1.62861E+12,656
1.62861E+12,682
1.62861E+12,699
1.62861E+12,712
1.62861E+12,529
1.62861E+12,585
1.62861E+12,675
1.62861E+12,712
1.62861E+12,721
1.62861E+12,779
1.62861E+12,612
1.62861E+12,639
1.62861E+12,520
1.62861E+12,563
1.62861E+12,558
1.62861E+12,559
1.62861E+12,579
1.62861E+12,571
1.62861E+12,644
1.62861E+12,597
1.62861E+12,558
1.62861E+12,572
1.62861E+12,592
1.62861E+12,591
1.62861E+12,640
1.62861E+12,648
1.62861E+12,673
1.62861E+12,622
1.62861E+12,632
1.62861E+12,671
1.62861E+12,711
1.62861E+12,693
1.62861E+12,644
1.62861E+12,670
1.62861E+12,625
1.62861E+12,683
1.62861E+12,682
1.62861E+12,677
1.62861E+12,681
1.62861E+12,612
1.62861E+12,680
1.62861E+12,650
1.62861E+12,680
1.62861E+12,573
1.62861E+12,645
1.62861E+12,5342
1.62861E+12,678
1.62861E+12,595
1.62861E+12,636
1.62861E+12,564
1.62861E+12,537
1.62861E+12,494
1.62861E+12,531
1.62861E+12,550
1.62861E+12,488
1.62861E+12,549
1.62861E+12,569
1.62861E+12,557
1.62861E+12,647
1.62861E+12,571
1.62861E+12,660
1.62861E+12,539
1.62861E+12,619
1.62861E+12,613
1.62861E+12,615
1.62861E+12,590
1.62861E+12,621
1.62861E+12,590
1.62861E+12,519
1.62861E+12,588
1.62861E+12,626
1.62861E+12,615
1.62861E+12,689
1.62861E+12,590
1.62861E+12,632
1.62861E+12,525
1.62861E+12,742
1.62861E+12,621
1.62861E+12,611
1.62861E+12,714
1.62861E+12,589
1.62861E+12,592
1.62861E+12,637
1.62861E+12,604
1.62861E+12,656
1.62861E+12,604
1.62861E+12,626
1.62861E+12,611
1.62861E+12,623
1.62861E+12,676
1.62861E+12,686
1.62861E+12,669
1.62861E+12,751
1.62861E+12,668
1.62861E+12,700
1.62861E+12,775
1.62861E+12,779
1.62861E+12,782
1.62861E+12,574
1.62861E+12,645
1.62861E+12,823
1.62861E+12,810
1.62861E+12,661
1.62861E+12,723
1.62861E+12,653
1.62861E+12,837
1.62861E+12,694
1.62861E+12,673
1.62861E+12,685
1.62861E+12,777
1.62861E+12,917
1.62861E+12,909
1.62861E+12,728
1.62861E+12,817
1.62861E+12,737
1.62861E+12,754
1.62861E+12,749
1.62861E+12,573
1.62861E+12,753
1.62861E+12,556
1.62861E+12,768
1.62861E+12,605
1.62861E+12,757
1.62861E+12,698
1.62861E+12,605
1.62861E+12,660
1.62861E+12,604
1.62861E+12,672
1.62861E+12,651
1.62861E+12,642
1.62861E+12,648
1.62861E+12,704
1.62861E+12,705
1.62861E+12,736
1.62861E+12,660
1.62861E+12,733
1.62861E+12,729
1.62861E+12,457
1.62861E+12,360
1.62861E+12,610
1.62861E+12,755
1.62861E+12,698
1.62861E+12,590
1.62861E+12,627
1.62861E+12,791
1.62861E+12,735
1.62861E+12,624
1.62861E+12,536
1.62861E+12,507
1.62861E+12,796
1.62861E+12,671
1.62861E+12,473
1.62861E+12,625
1.62861E+12,561
1.62861E+12,633
1.62861E+12,534
1.62861E+12,684
1.62861E+12,543
1.62861E+12,592
1.62861E+12,586
1.62861E+12,599
1.62861E+12,607
1.62861E+12,528
1.62861E+12,634
1.62861E+12,618
1.62861E+12,595
1.62861E+12,619
1.62861E+12,565
1.62861E+12,623
1.62861E+12,647
1.62861E+12,723
1.62861E+12,619
1.62861E+12,617
1.62861E+12,609
1.62861E+12,550
1.62861E+12,561
1.62861E+12,660
1.62861E+12,618
1.62861E+12,622
1.62861E+12,608
1.62861E+12,618
1.62861E+12,546
1.62861E+12,609
1.62861E+12,525
1.62861E+12,877
1.62861E+12,635
1.62861E+12,514
1.62861E+12,518
1.62861E+12,560
1.62861E+12,521
1.62861E+12,624
1.62861E+12,585
1.62861E+12,428
1.62861E+12,573
1.62861E+12,533
1.62861E+12,648
1.62861E+12,584
1.62861E+12,534
1.62861E+12,573
1.62861E+12,663
1.62861E+12,489
1.62861E+12,615
1.62861E+12,785
1.62861E+12,700
1.62861E+12,513
1.62861E+12,619
1.62861E+12,706
1.62861E+12,554
1.62861E+12,587
1.62861E+12,572
1.62861E+12,542
1.62861E+12,678
1.62861E+12,580
1.62861E+12,566
1.62861E+12,584
1.62861E+12,598
1.62861E+12,584
1.62861E+12,574
1.62861E+12,623
1.62861E+12,516
1.62861E+12,659
1.62861E+12,597
1.62861E+12,590
1.62861E+12,640
1.62861E+12,523
1.62861E+12,709
1.62861E+12,550
1.62861E+12,582
1.62861E+12,593
1.62861E+12,635
1.62861E+12,607
1.62861E+12,591
1.62861E+12,650
1.62861E+12,587
1.62861E+12,815
1.62861E+12,634
1.62861E+12,666
1.62861E+12,601
1.62861E+12,676
1.62861E+12,694
1.62861E+12,747
1.62861E+12,627
1.62861E+12,663
1.62861E+12,599
1.62861E+12,704
1.62861E+12,764
1.62861E+12,627
1.62861E+12,465
1.62861E+12,757
1.62861E+12,693
1.62861E+12,723
1.62861E+12,474
1.62861E+12,694
1.62861E+12,718
1.62861E+12,656
1.62861E+12,722
1.62861E+12,418
1.62861E+12,441
1.62861E+12,667
1.62861E+12,882
1.62861E+12,666
1.62861E+12,575
1.62861E+12,556
1.62861E+12,443
1.62861E+12,614
1.62861E+12,819
1.62861E+12,593
1.62861E+12,378
1.62861E+12,827
1.62861E+12,322
1.62861E+12,769
1.62861E+12,602
1.62861E+12,567
1.62861E+12,274
1.62861E+12,510
1.62861E+12,500
1.62861E+12,723
1.62861E+12,384
1.62861E+12,782
1.62861E+12,506
1.62861E+12,365
1.62861E+12,494
1.62861E+12,443
1.62861E+12,648
1.62861E+12,622
1.62861E+12,386
1.62861E+12,350
1.62861E+12,461
1.62861E+12,373
1.62861E+12,398
1.62861E+12,385
1.62861E+12,564
1.62861E+12,328
1.62861E+12,344
1.62861E+12,339
1.62861E+12,348
1.62861E+12,353
1.62861E+12,332
1.62861E+12,380
1.62861E+12,471
1.62861E+12,383
1.62861E+12,357
1.62861E+12,455
1.62861E+12,490
1.62861E+12,519
1.62861E+12,509
1.62861E+12,580
1.62861E+12,576
1.62861E+12,620
1.62861E+12,599
1.62861E+12,710
1.62861E+12,651
1.62861E+12,528
1.62861E+12,563
1.62861E+12,665
1.62861E+12,637
1.62861E+12,622
1.62861E+12,723
1.62861E+12,713
1.62861E+12,702
1.62861E+12,781
1.62861E+12,634
1.62861E+12,655
1.62861E+12,661
1.62861E+12,672
1.62861E+12,657
1.62861E+12,631
1.62861E+12,674
1.62861E+12,698
1.62861E+12,906
1.62861E+12,833
1.62861E+12,1106
1.62861E+12,908
1.62861E+12,475
1.62861E+12,676
1.62861E+12,662
1.62861E+12,739
1.62861E+12,1165
1.62861E+12,1194
1.62861E+12,1277
1.62861E+12,1282
1.62861E+12,677
1.62861E+12,1543
1.62861E+12,1384
1.62861E+12,1348
1.62861E+12,1751
1.62861E+12,1400
1.62861E+12,1685
1.62861E+12,1959
1.62861E+12,1492
1.62861E+12,2208
1.62861E+12,1834
1.62861E+12,2085
1.62861E+12,2206
1.62861E+12,1608
1.62861E+12,2073
1.62861E+12,2262
1.62861E+12,1927
1.62861E+12,6786
1.62861E+12,2644
1.62861E+12,2656
1.62861E+12,2189
1.62861E+12,2227
1.62861E+12,2341
1.62861E+12,2373
1.62861E+12,2913
1.62861E+12,2486
1.62861E+12,2620
1.62861E+12,2652
1.62861E+12,2658
1.62861E+12,2684
1.62861E+12,6536
1.62861E+12,2738
1.62861E+12,2902
1.62861E+12,3062
1.62861E+12,2397
1.62861E+12,1979
1.62861E+12,3002
1.62861E+12,2954
1.62861E+12,2255
1.62861E+12,1858
1.62861E+12,3492
1.62861E+12,2305
1.62861E+12,3713
1.62861E+12,3050
1.62861E+12,1262
1.62861E+12,1800
1.62861E+12,1475
1.62861E+12,4085
1.62861E+12,2535
1.62861E+12,2631
1.62861E+12,2680
1.62861E+12,3515
1.62861E+12,3539
1.62861E+12,344
1.62861E+12,2784
1.62861E+12,2788
1.62861E+12,1720
1.62861E+12,3996
1.62861E+12,4042
1.62861E+12,4281
1.62861E+12,1002
1.62861E+12,1998
1.62861E+12,1888
1.62861E+12,4049
1.62861E+12,2639
1.62861E+12,4318
1.62861E+12,988
1.62861E+12,4360
1.62861E+12,4577
1.62861E+12,2007
1.62861E+12,943
1.62861E+12,819
1.62861E+12,730
1.62861E+12,1130
1.62861E+12,4069
1.62861E+12,2439
1.62861E+12,4061
1.62861E+12,4539
1.62861E+12,4169
1.62861E+12,2253
1.62861E+12,2488
1.62861E+12,4358
1.62861E+12,3253
1.62861E+12,3893
1.62861E+12,2990
1.62861E+12,3635
1.62861E+12,6521
1.62861E+12,3471
1.62861E+12,3974
1.62861E+12,3047
1.62861E+12,1670
1.62861E+12,3476
1.62861E+12,3572
1.62861E+12,4119
1.62861E+12,2540
1.62861E+12,1697
1.62861E+12,2646
1.62861E+12,2659
1.62861E+12,2496
1.62861E+12,1678
1.62861E+12,1596
1.62861E+12,1268
1.62861E+12,2147
1.62861E+12,1184
1.62861E+12,1874
1.62861E+12,3887
1.62861E+12,1055
1.62861E+12,856
1.62861E+12,1328
1.62861E+12,1742
1.62861E+12,1447
1.62861E+12,1832
1.62861E+12,796
1.62861E+12,1434
1.62861E+12,426
1.62861E+12,1898
1.62861E+12,1815
1.62861E+12,1794
1.62861E+12,2266
1.62861E+12,1361
1.62861E+12,697
1.62861E+12,1732
1.62861E+12,1232
1.62861E+12,2013
1.62861E+12,884
1.62861E+12,701
1.62861E+12,707
1.62861E+12,2681
1.62861E+12,1391
1.62861E+12,760
1.62861E+12,555
1.62861E+12,974
1.62861E+12,1059
1.62861E+12,1305
1.62861E+12,625
1.62861E+12,1513
1.62861E+12,1490
1.62861E+12,571
1.62861E+12,588
1.62861E+12,618
1.62861E+12,915
1.62861E+12,588
1.62861E+12,696
1.62861E+12,1041
1.62861E+12,1062
1.62861E+12,1081
1.62861E+12,1244
1.62861E+12,735
1.62861E+12,2115
1.62861E+12,680
1.62861E+12,663
1.62861E+12,937
1.62861E+12,590
1.62861E+12,833
1.62861E+12,637
1.62861E+12,634
1.62861E+12,903
1.62861E+12,615
1.62861E+12,605
1.62861E+12,670
1.62861E+12,665
1.62861E+12,646
1.62861E+12,597
1.62861E+12,599
1.62861E+12,829
1.62861E+12,732
1.62861E+12,708
1.62861E+12,627
1.62861E+12,630
1.62861E+12,694
1.62861E+12,641
1.62861E+12,669
1.62861E+12,572
1.62861E+12,647
1.62861E+12,546
1.62861E+12,717
1.62861E+12,748
1.62861E+12,687
1.62861E+12,607
1.62861E+12,754
1.62861E+12,688
1.62861E+12,733
1.62861E+12,645
1.62861E+12,679
1.62861E+12,607
1.62861E+12,595
1.62861E+12,375
1.62861E+12,647
1.62861E+12,513
1.62861E+12,566
1.62861E+12,336
1.62861E+12,511
1.62861E+12,684
1.62861E+12,490
1.62861E+12,508
1.62861E+12,722
1.62861E+12,537
1.62861E+12,529
1.62861E+12,738
1.62861E+12,513
1.62861E+12,573
1.62861E+12,559
1.62861E+12,411
1.62861E+12,532
1.62861E+12,532
1.62861E+12,548
1.62861E+12,547
1.62861E+12,321
1.62861E+12,412
1.62861E+12,333
1.62861E+12,517
1.62861E+12,522
1.62861E+12,537
1.62861E+12,471
1.62861E+12,539
1.62861E+12,521
1.62861E+12,521
1.62861E+12,537
1.62861E+12,432
1.62861E+12,621
1.62861E+12,421
1.62861E+12,523
1.62861E+12,535
1.62861E+12,604
1.62861E+12,543
1.62861E+12,538
1.62861E+12,514
1.62861E+12,595
1.62861E+12,449
1.62861E+12,601
1.62861E+12,515
1.62861E+12,507
1.62861E+12,404
1.62861E+12,429
1.62861E+12,516
1.62861E+12,421
1.62861E+12,685
1.62861E+12,594
1.62861E+12,423
1.62861E+12,524
1.62861E+12,452
1.62861E+12,541
1.62861E+12,587
1.62861E+12,623
1.62861E+12,660
1.62861E+12,522
1.62861E+12,654
1.62861E+12,430
1.62861E+12,554
1.62861E+12,532
1.62861E+12,432
1.62861E+12,536
1.62861E+12,529
1.62861E+12,685
1.62861E+12,607
1.62861E+12,513
1.62861E+12,476
1.62861E+12,460
1.62861E+12,495
1.62861E+12,580
1.62861E+12,431
1.62861E+12,691
1.62861E+12,607
1.62861E+12,536
1.62861E+12,537
1.62861E+12,541
1.62861E+12,456
1.62861E+12,590
1.62861E+12,523
1.62861E+12,631
1.62861E+12,475
1.62861E+12,542
1.62861E+12,483
1.62861E+12,578
1.62861E+12,446
1.62861E+12,606
1.62861E+12,450
1.62861E+12,534
1.62861E+12,535
1.62861E+12,564
1.62861E+12,564
1.62861E+12,497
1.62861E+12,510
1.62861E+12,520
1.62861E+12,665
1.62861E+12,499
1.62861E+12,425
1.62861E+12,699
1.62861E+12,497
1.62861E+12,507
1.62861E+12,341
1.62861E+12,512
1.62861E+12,540
1.62861E+12,546
1.62861E+12,416
1.62861E+12,528
1.62861E+12,615
1.62861E+12,517
1.62861E+12,474
1.62861E+12,295
1.62861E+12,445
1.62861E+12,506
1.62861E+12,506
1.62861E+12,503
1.62861E+12,403
1.62861E+12,548
1.62861E+12,542
1.62861E+12,374
1.62861E+12,610
1.62861E+12,562
1.62861E+12,536
1.62861E+12,485
1.62861E+12,483
1.62861E+12,519
1.62861E+12,463
1.62861E+12,460
1.62861E+12,560
1.62861E+12,512
1.62861E+12,393
1.62861E+12,475
1.62861E+12,447
1.62861E+12,575
1.62861E+12,501
1.62861E+12,614
1.62861E+12,471
1.62861E+12,635
1.62861E+12,643
1.62861E+12,449
1.62861E+12,615
1.62861E+12,688
1.62861E+12,544
1.62861E+12,550
1.62861E+12,610
1.62861E+12,552
1.62861E+12,462
1.62861E+12,556
1.62861E+12,526
1.62861E+12,651
1.62861E+12,563
1.62861E+12,464
1.62861E+12,517
1.62861E+12,541
1.62861E+12,631
1.62861E+12,528
1.62861E+12,487
1.62861E+12,482
1.62861E+12,536
1.62861E+12,611
1.62861E+12,481
1.62861E+12,513
1.62861E+12,473
1.62861E+12,429
1.62861E+12,544
1.62861E+12,489
1.62861E+12,564
1.62861E+12,473
1.62861E+12,501
1.62861E+12,527
1.62861E+12,537
1.62861E+12,494
1.62861E+12,556
1.62861E+12,724
1.62861E+12,643
1.62861E+12,590
1.62861E+12,577
1.62861E+12,590
1.62861E+12,352
1.62861E+12,388
1.62861E+12,571
1.62861E+12,558
1.62861E+12,468
1.62861E+12,392
1.62861E+12,638
1.62861E+12,605
1.62861E+12,652
1.62861E+12,424
1.62861E+12,551
1.62861E+12,425
1.62861E+12,624
1.62861E+12,664
1.62861E+12,540
1.62861E+12,530
1.62861E+12,446
1.62861E+12,558
1.62861E+12,557
1.62861E+12,526
1.62861E+12,553
1.62861E+12,513
1.62861E+12,602
1.62861E+12,447
1.62861E+12,601
1.62861E+12,586
1.62861E+12,602
1.62861E+12,476
1.62861E+12,577
1.62861E+12,463
1.62861E+12,650
1.62861E+12,459
1.62861E+12,511
1.62861E+12,508
1.62861E+12,465
1.62861E+12,554
1.62861E+12,464
1.62861E+12,543
1.62861E+12,405
1.62861E+12,412
1.62861E+12,409
1.62861E+12,539
1.62861E+12,608
1.62861E+12,533
1.62861E+12,531
1.62861E+12,484
1.62861E+12,429
1.62861E+12,500
1.62861E+12,504
1.62861E+12,668
1.62861E+12,657
1.62861E+12,674
1.62861E+12,510
1.62861E+12,654
1.62861E+12,519
1.62861E+12,519
1.62861E+12,498
1.62861E+12,520
1.62861E+12,511
1.62861E+12,582
1.62861E+12,437
1.62861E+12,452
1.62861E+12,524
1.62861E+12,405
1.62861E+12,511
1.62861E+12,617
1.62861E+12,589
1.62861E+12,413
1.62861E+12,552
1.62861E+12,326
1.62861E+12,485
1.62861E+12,489
1.62861E+12,707
1.62861E+12,507
1.62861E+12,429
1.62861E+12,530
1.62861E+12,622
1.62861E+12,545
1.62861E+12,444
1.62861E+12,538
1.62861E+12,544
1.62861E+12,614
1.62861E+12,520
1.62861E+12,784
1.62861E+12,529
1.62861E+12,632
1.62861E+12,544
1.62861E+12,641
1.62861E+12,541
1.62861E+12,541
1.62861E+12,557
1.62861E+12,541
1.62861E+12,542
1.62861E+12,537
1.62861E+12,513
1.62861E+12,466
1.62861E+12,508
1.62861E+12,507
1.62861E+12,548
1.62861E+12,617
1.62861E+12,520
1.62861E+12,536
1.62861E+12,338
1.62861E+12,436
1.62861E+12,598
1.62861E+12,520
1.62861E+12,622
1.62861E+12,438
1.62861E+12,537
1.62861E+12,604
1.62861E+12,544
1.62861E+12,422
1.62861E+12,443
1.62861E+12,512
1.62861E+12,546
1.62861E+12,580
1.62861E+12,622
1.62861E+12,531
1.62861E+12,502
1.62861E+12,592
1.62861E+12,505
1.62861E+12,475
1.62861E+12,430
1.62861E+12,386
1.62861E+12,535
1.62861E+12,586
1.62861E+12,453
1.62861E+12,557
1.62861E+12,542
1.62861E+12,487
1.62861E+12,392
1.62861E+12,462
1.62861E+12,481
1.62861E+12,477
1.62861E+12,435
1.62861E+12,567
1.62861E+12,514
1.62861E+12,473
1.62861E+12,462
1.62861E+12,405
1.62861E+12,507
1.62861E+12,493
1.62861E+12,463
1.62861E+12,477
1.62861E+12,521
1.62861E+12,421
1.62861E+12,556
1.62861E+12,487
1.62861E+12,491
1.62861E+12,415
1.62861E+12,510
1.62861E+12,464
1.62861E+12,495
1.62861E+12,506
1.62861E+12,624
1.62861E+12,547
1.62861E+12,527
1.62861E+12,509
1.62861E+12,358
1.62861E+12,490
1.62861E+12,429
1.62861E+12,498
1.62861E+12,524
1.62861E+12,476
1.62861E+12,451
1.62861E+12,513
1.62861E+12,620
1.62861E+12,476
1.62861E+12,482
1.62861E+12,463
1.62861E+12,489
1.62861E+12,544
1.62861E+12,483
1.62861E+12,489
1.62861E+12,499
1.62861E+12,481
1.62861E+12,424
1.62861E+12,395
1.62861E+12,349
1.62861E+12,431
1.62861E+12,482
1.62861E+12,473
1.62861E+12,469
1.62861E+12,426
1.62861E+12,437
1.62861E+12,579
1.62861E+12,466
1.62861E+12,496
1.62861E+12,650
1.62861E+12,517
1.62861E+12,518
1.62861E+12,436
1.62861E+12,657
1.62861E+12,532
1.62861E+12,467
1.62861E+12,407
1.62861E+12,492
1.62861E+12,511
1.62861E+12,680
1.62861E+12,513
1.62861E+12,573
1.62861E+12,626
1.62861E+12,442
1.62861E+12,528
1.62861E+12,492
1.62861E+12,475
1.62861E+12,440
1.62861E+12,637
1.62861E+12,554
1.62861E+12,504
1.62861E+12,488
1.62861E+12,511
1.62861E+12,544
1.62861E+12,542
1.62861E+12,529
1.62861E+12,546
1.62861E+12,466
1.62861E+12,534
1.62861E+12,506
1.62861E+12,539
1.62861E+12,520
1.62861E+12,538
1.62861E+12,581
1.62861E+12,502
1.62861E+12,467
1.62861E+12,485
1.62861E+12,395
1.62861E+12,477
1.62861E+12,473
1.62861E+12,474
1.62861E+12,461
1.62861E+12,438
1.62861E+12,581
1.62861E+12,463
1.62861E+12,460
1.62861E+12,461
1.62861E+12,440
1.62861E+12,439
1.62861E+12,421
1.62861E+12,451
1.62861E+12,451
1.62861E+12,449
1.62861E+12,324
1.62861E+12,434
1.62861E+12,531
1.62861E+12,392
1.62861E+12,525
1.62861E+12,582
1.62861E+12,484
1.62861E+12,402
1.62861E+12,364
1.62861E+12,362
1.62861E+12,428
1.62861E+12,269
1.62861E+12,385
1.62861E+12,337
1.62861E+12,395
1.62861E+12,438
1.62861E+12,472
1.62861E+12,407
1.62861E+12,408
1.62861E+12,345
1.62861E+12,304
1.62861E+12,375
1.62861E+12,492
1.62861E+12,351
1.62861E+12,402
1.62861E+12,316
1.62861E+12,421
1.62861E+12,349
1.62861E+12,424
1.62861E+12,402
1.62861E+12,5569
1.62861E+12,397
1.62861E+12,491
1.62861E+12,545
1.62861E+12,448
1.62861E+12,488
1.62861E+12,428
1.62861E+12,457
1.62861E+12,506
1.62861E+12,453
1.62861E+12,473
1.62861E+12,507
1.62861E+12,376
1.62861E+12,492
1.62861E+12,401
1.62861E+12,434
1.62861E+12,532
1.62861E+12,532
1.62861E+12,410
1.62861E+12,509
1.62861E+12,465
1.62861E+12,618
1.62861E+12,436
1.62861E+12,464
1.62861E+12,379
1.62861E+12,392
1.62861E+12,470
1.62861E+12,485
1.62861E+12,473
1.62861E+12,445
1.62861E+12,488
1.62861E+12,534
1.62861E+12,503
1.62861E+12,412
1.62861E+12,577
1.62861E+12,456
1.62861E+12,462
1.62861E+12,492
1.62861E+12,463
1.62861E+12,362
1.62861E+12,339
1.62861E+12,429
1.62861E+12,497
1.62861E+12,374
1.62861E+12,475
1.62861E+12,521
1.62861E+12,416
1.62861E+12,391
1.62861E+12,341
1.62861E+12,420
1.62861E+12,289
1.62861E+12,377
1.62861E+12,415
1.62861E+12,354
1.62861E+12,323
1.62861E+12,358
1.62861E+12,399
1.62861E+12,411
1.62861E+12,332
1.62861E+12,358
1.62861E+12,338
1.62861E+12,450
1.62861E+12,388
1.62861E+12,385
1.62861E+12,416
1.62861E+12,525
1.62861E+12,441
1.62861E+12,447
1.62861E+12,396
1.62861E+12,363
1.62861E+12,5444
1.62861E+12,360
1.62861E+12,480
1.62861E+12,359
1.62861E+12,483
1.62861E+12,402
1.62861E+12,365
1.62861E+12,248
1.62861E+12,348
1.62861E+12,440
1.62861E+12,440
1.62861E+12,437
1.62861E+12,436
1.62861E+12,407
1.62861E+12,397
1.62861E+12,317
1.62861E+12,394
1.62861E+12,482
1.62861E+12,418
1.62861E+12,385
1.62861E+12,339
1.62861E+12,381
1.62861E+12,275
1.62861E+12,450
1.62861E+12,389
1.62861E+12,410
1.62861E+12,354
1.62861E+12,368
1.62861E+12,511
1.62861E+12,288
1.62861E+12,300
1.62861E+12,364
1.62861E+12,347
1.62861E+12,414
1.62861E+12,290
1.62861E+12,454
1.62861E+12,356
1.62861E+12,352
1.62861E+12,340
1.62861E+12,359
1.62861E+12,410
1.62861E+12,541
1.62861E+12,343
1.62861E+12,317
1.62861E+12,352
1.62861E+12,388
1.62861E+12,400
1.62861E+12,397
1.62861E+12,425
1.62861E+12,386
1.62861E+12,415
1.62861E+12,415
1.62861E+12,383
1.62861E+12,398
1.62861E+12,414
1.62861E+12,369
1.62861E+12,362
1.62861E+12,361
1.62861E+12,347
1.62861E+12,391
1.62861E+12,390
1.62861E+12,338
1.62861E+12,425
1.62861E+12,495
1.62861E+12,290
1.62861E+12,457
1.62861E+12,320
1.62861E+12,358
1.62861E+12,357
1.62861E+12,382
1.62861E+12,387
1.62861E+12,360
1.62861E+12,430
1.62861E+12,342
1.62861E+12,344
1.62861E+12,350
1.62861E+12,352
1.62861E+12,314
1.62861E+12,277
1.62861E+12,271
1.62861E+12,329
1.62861E+12,295
1.62861E+12,266
1.62861E+12,266
1.62861E+12,322
1.62861E+12,233
1.62861E+12,296
1.62861E+12,316
1.62861E+12,319
1.62861E+12,291
1.62861E+12,270
1.62861E+12,312
1.62861E+12,313
1.62861E+12,320
1.62861E+12,224
1.62861E+12,321
1.62861E+12,202
1.62861E+12,326
1.62861E+12,303
1.62861E+12,345
1.62861E+12,344
1.62861E+12,379
1.62861E+12,238
1.62861E+12,274
1.62861E+12,181
1.62861E+12,412
1.62861E+12,372
1.62861E+12,212
1.62861E+12,274
1.62861E+12,205
1.62861E+12,241
1.62861E+12,243
1.62861E+12,266
1.62861E+12,237
1.62861E+12,258
1.62861E+12,248
1.62861E+12,243
1.62861E+12,223
1.62861E+12,236
1.62861E+12,226
1.62861E+12,264
1.62861E+12,256
1.62861E+12,213
1.62861E+12,217
1.62861E+12,224
1.62861E+12,183
1.62861E+12,228
1.62861E+12,217
1.62861E+12,256
1.62861E+12,228
1.62861E+12,262
1.62861E+12,216
1.62861E+12,209
1.62861E+12,229
1.62861E+12,515
1.62861E+12,200
1.62861E+12,152
1.62861E+12,212
1.62861E+12,240
1.62861E+12,242
1.62861E+12,215
1.62861E+12,256
1.62861E+12,186
1.62861E+12,197
1.62861E+12,217
1.62861E+12,150
1.62861E+12,253
1.62861E+12,228
1.62861E+12,192
1.62861E+12,230
1.62861E+12,272
1.62861E+12,202
1.62861E+12,193
1.62861E+12,209
1.62861E+12,255
1.62861E+12,189
1.62861E+12,227
1.62861E+12,283
1.62861E+12,200
1.62861E+12,281
1.62861E+12,218
1.62861E+12,274
1.62861E+12,216
1.62861E+12,223
1.62861E+12,246
1.62861E+12,262
1.62861E+12,245
1.62861E+12,222
1.62861E+12,207
1.62861E+12,216
1.62861E+12,193
1.62861E+12,164
1.62861E+12,243
1.62861E+12,269
1.62861E+12,281
1.62861E+12,220
1.62861E+12,182
1.62861E+12,215
1.62861E+12,151
1.62861E+12,180
1.62861E+12,199
1.62861E+12,163
1.62861E+12,224
1.62861E+12,158
1.62861E+12,196
1.62861E+12,215
1.62861E+12,185
1.62861E+12,204
1.62861E+12,192
1.62861E+12,195
1.62861E+12,163
1.62861E+12,179
1.62861E+12,163
1.62861E+12,190
1.62861E+12,177
1.62861E+12,214
1.62861E+12,208
1.62861E+12,207
1.62861E+12,194
1.62861E+12,147
1.62861E+12,183
1.62861E+12,187
1.62861E+12,204
1.62861E+12,176
1.62861E+12,222
1.62861E+12,127
1.62861E+12,145
1.62861E+12,116
1.62861E+12,187
1.62861E+12,128
1.62861E+12,147
1.62861E+12,158
1.62861E+12,206
1.62861E+12,160
1.62861E+12,176
1.62861E+12,190
1.62861E+12,145
1.62861E+12,135
1.62861E+12,144
1.62861E+12,144
1.62861E+12,162
1.62861E+12,133
1.62861E+12,179
1.62861E+12,189
1.62861E+12,111
1.62861E+12,193
1.62861E+12,136
1.62861E+12,166
1.62861E+12,164
1.62861E+12,122
1.62861E+12,141
1.62861E+12,146
1.62861E+12,136
1.62861E+12,167
1.62861E+12,5186
1.62861E+12,126
1.62861E+12,158
1.62861E+12,5225
1.62861E+12,181
1.62861E+12,154
1.62861E+12,146
1.62861E+12,173
1.62861E+12,148
1.62861E+12,137
1.62861E+12,147
1.62861E+12,114
1.62861E+12,71
1.62861E+12,135
1.62861E+12,142
1.62861E+12,101
1.62861E+12,117
1.62861E+12,146
1.62861E+12,74
1.62861E+12,102
1.62861E+12,119
1.62861E+12,123
1.62861E+12,64
1.62861E+12,90
1.62861E+12,110
1.62861E+12,101
1.62861E+12,91
1.62861E+12,87
1.62861E+12,77
1.62861E+12,79
1.62861E+12,78
1.62861E+12,89
1.62861E+12,90
1.62861E+12,91
1.62861E+12,61
1.62861E+12,95
1.62861E+12,77
1.62861E+12,42
1.62861E+12,81
1.62861E+12,42
1.62861E+12,79
1.62861E+12,80
1.62861E+12,75
1.62861E+12,85
1.62861E+12,65
1.62861E+12,43
1.62861E+12,43
1.62861E+12,60
1.62861E+12,50
1.62861E+12,5147
